commit_id,filename
340a4ca4e,requirements.txt
d7524ffab,distributed/home.rst
9ce02f83c,distributed/home.rst
11533db05,distributed/home.rst
20712ff82,_static/css/custom.css
6d724dcaa,_static/css/custom.css
930a794c9,requirements.txt
cfefbb267,_static/css/custom.css
cfefbb267,conf.py
cfefbb267,distributed/home.rst
cfefbb267,index.rst
1125546f8,intermediate_source/torchrec_tutorial.rst
b20242033,.jenkins/build.sh
b20242033,.jenkins/metadata.json
b20242033,.jenkins/validate_tutorials_built.py
b20242033,conf.py
e87a735d0,conf.py
339a6873a,beginner_source/audio_data_augmentation_tutorial.py
3f8be2398,runtime.txt
ed64264b9,prototype_source/nestedtensor.py
ce59112c1,advanced_source/cpp_autograd.rst
f1359faad,.jenkins/build.sh
f1359faad,.jenkins/validate_tutorials_built.py
5524d54c2,Makefile
cc39b0809,advanced_source/static_quantization_tutorial.rst
cc39b0809,prototype_source/fx_graph_mode_ptq_static.rst
9fb9f475e,intermediate_source/reinforcement_q_learning.py
08cc9b5b5,intermediate_source/FSDP_tutorial.rst
4918fe4bf,beginner_source/examples_nn/polynomial_module.py
5f10e9972,beginner_source/blitz/autograd_tutorial.py
8e0cd4126,conf.py
8e0cd4126,requirements.txt
e94601a71,intermediate_source/flask_rest_api_tutorial.py
e1ea05e56,requirements.txt
4cc9db485,_static/img/ax_logo.png
88b5e241a,_static/doctools.js
d4eab8acb,intermediate_source/realtime_rpi.rst
f16efbc94,_static/img/ax_logo.png
f16efbc94,index.rst
f16efbc94,intermediate_source/ax_multiobjective_nas_tutorial.py
ebce10340,.jenkins/metadata.json
ebce10340,_static/img/ax_scheduler_illustration.png
ebce10340,conf.py
ebce10340,index.rst
ebce10340,intermediate_source/ax_multiobjective_nas_tutorial.py
ebce10340,intermediate_source/mnist_train_nas.py
ebce10340,requirements.txt
8b8e5d901,.jenkins/get_files_to_run.py
57bb87c90,_static/img/nvfuser_intro/nvfuser_transformer_block.png
57bb87c90,_static/img/nvfuser_intro/nvfuser_tutorial_0.png
57bb87c90,_static/img/nvfuser_intro/nvfuser_tutorial_1.png
57bb87c90,_static/img/nvfuser_intro/nvfuser_tutorial_2.png
57bb87c90,_static/img/nvfuser_intro/nvfuser_tutorial_3.png
57bb87c90,_static/img/nvfuser_intro/nvfuser_tutorial_4.png
57bb87c90,_static/img/nvfuser_intro/nvfuser_tutorial_5.png
57bb87c90,_static/img/nvfuser_intro/nvfuser_tutorial_6.png
57bb87c90,index.rst
57bb87c90,intermediate_source/README.txt
57bb87c90,intermediate_source/nvfuser_intro_tutorial.py
57bb87c90,requirements.txt
3441eb136,beginner_source/nn_tutorial.py
0c76acc9c,intermediate_source/speech_recognition_pipeline_tutorial.py
86aca7dc1,requirements.txt
d57f98cf5,.jenkins/get_files_to_run.py
285073782,.jenkins/build.sh
285073782,requirements.txt
ff9f10fe3,beginner_source/Intro_to_TorchScript_tutorial.py
770665f50,intermediate_source/torchvision_tutorial.rst
d5f7a40ea,beginner_source/transformer_tutorial.py
ae227204a,prototype_source/nestedtensor.py
ae227204a,prototype_source/prototype_index.rst
5ded1fa9b,Makefile
5ded1fa9b,beginner_source/chatbot_tutorial.py
5ded1fa9b,beginner_source/colab.rst
47a91e0fa,intermediate_source/torchvision_tutorial.rst
2be29e477,recipes_source/recipes/amp_recipe.py
a84816deb,intermediate_source/forced_alignment_with_torchaudio_tutorial.py
4132e11e3,beginner_source/audio_data_augmentation_tutorial.py
7976ab181,.circleci/scripts/build_for_windows.sh
7976ab181,.jenkins/build.sh
7976ab181,requirements.txt
dde066ce3,beginner_source/introyt/captumyt.py
90a4763a3,conf.py
90a4763a3,custom_directives.py
90a4763a3,requirements.txt
01a0ab2ff,intermediate_source/torchrec_tutorial.rst
951f3a859,_static/pencil-16.png
951f3a859,advanced_source/generic_join.rst
951f3a859,advanced_source/rpc_ddp_tutorial.rst
951f3a859,beginner_source/dist_overview.rst
951f3a859,conf.py
951f3a859,intermediate_source/FSDP_tutorial.rst
951f3a859,intermediate_source/ddp_tutorial.rst
951f3a859,intermediate_source/dist_pipeline_parallel_tutorial.rst
951f3a859,intermediate_source/dist_tuto.rst
951f3a859,intermediate_source/process_group_cpp_extension_tutorial.rst
951f3a859,intermediate_source/rpc_async_execution.rst
951f3a859,intermediate_source/rpc_param_server_tutorial.rst
951f3a859,intermediate_source/rpc_tutorial.rst
a885873ab,beginner_source/bettertransformer_tutorial.rst
a885873ab,index.rst
c39df02eb,intermediate_source/autograd_saved_tensors_hooks_tutorial.py
72b0ca7c6,intermediate_source/bettertransformer_tutorial.rst
611a688c2,beginner_source/dist_overview.rst
611a688c2,intermediate_source/dist_tuto.rst
6c3b79d41,_static/img/thumbnails/cropped/pytorch-logo.png
6c3b79d41,index.rst
6c3b79d41,intermediate_source/bettertransformer_tutorial.rst
8cb5c3a9a,.jenkins/build.sh
ab8975c67,index.rst
38c0aa597,index.rst
38c0aa597,intermediate_source/FSDP_adavnced_tutorial.rst
091802395,intermediate_source/FSDP_adavnced_tutorial.rst
8c4f244d3,.circleci/config.yml
8c4f244d3,.circleci/config.yml.in
8eb9a3f53,prototype_source/fx_numeric_suite_tutorial.py
2270a9325,requirements.txt
f48ba3169,beginner_source/audio_data_augmentation_tutorial.py
f48ba3169,beginner_source/audio_datasets_tutorial.py
f48ba3169,beginner_source/audio_feature_augmentation_tutorial.py
f48ba3169,beginner_source/audio_feature_extractions_tutorial.py
f48ba3169,beginner_source/audio_io_tutorial.py
f48ba3169,beginner_source/audio_resampling_tutorial.py
61650b037,advanced_source/dynamic_quantization_tutorial.py
c2575d1b9,intermediate_source/memory_format_tutorial.py
bc11e8f24,beginner_source/translation_transformer.py
faf2c476f,intermediate_source/named_tensor_tutorial.py
74b196aa4,recipes_source/recipes/profiler_recipe.py
46e472697,intermediate_source/ddp_tutorial.rst
8a33b50e2,beginner_source/examples_nn/polynomial_nn.py
6e124116a,requirements.txt
bac07c724,beginner_source/basics/tensorqs_tutorial.py
599234a9a,recipes_source/recipes/tuning_guide.py
f5a6007f8,beginner_source/audio_io_tutorial.py
e63af545e,beginner_source/audio_io_tutorial.py
2ab436af5,intermediate_source/reinforcement_q_learning.py
7f81ee9a9,_templates/layout.html
70393d4fa,intermediate_source/ddp_tutorial.rst
e086db650,intermediate_source/FSDP_tutorial.rst
d909b5d2f,.jenkins/get_files_to_run.py
d1f4760df,.jenkins/get_files_to_run.py
d1f4760df,.jenkins/test_files_to_run.py
458285f5e,.jenkins/get_files_to_run.py
72f72b585,advanced_source/sharding.rst
72f72b585,index.rst
b981afccf,advanced_source/static_quantization_tutorial.rst
d594a144a,.circleci/config.yml
d594a144a,.circleci/config.yml.in
d594a144a,.jenkins/get_docker_tag.py
ae7458373,advanced_source/sharding.rst
99dd93d84,beginner_source/introyt/introyt1_tutorial.py
e26e96be2,beginner_source/dcgan_faces_tutorial.py
9b751a7bc,.circleci/config.yml
9b751a7bc,.circleci/regenerate.py
9b751a7bc,.jenkins/build.sh
9b751a7bc,.jenkins/get_files_to_run.py
9b751a7bc,.jenkins/metadata.json
9b751a7bc,.jenkins/remove_runnable_code.py
e2e5cb46b,.circleci/config.yml
e2e5cb46b,.circleci/config.yml.in
e2e5cb46b,.circleci/regenerate.py
75759904d,.circleci/config.yml
f383df729,beginner_source/blitz/neural_networks_tutorial.py
6be331bbb,recipes_source/recipes/loading_data_recipe.py
b6e9f3ad6,beginner_source/introyt/autogradyt_tutorial.py
d7ea223dd,beginner_source/introyt/autogradyt_tutorial.py
b9fd81c2c,.github/pytorch-probot.yml
8df0186fb,intermediate_source/memory_format_tutorial.py
5b90ecdf7,index.rst
271b83a59,_static/img/torchserve-ipex-images/1.png
271b83a59,_static/img/torchserve-ipex-images/10.png
271b83a59,_static/img/torchserve-ipex-images/11.gif
271b83a59,_static/img/torchserve-ipex-images/12.png
271b83a59,_static/img/torchserve-ipex-images/13.png
271b83a59,_static/img/torchserve-ipex-images/14.png
271b83a59,_static/img/torchserve-ipex-images/15.png
271b83a59,_static/img/torchserve-ipex-images/16.png
271b83a59,_static/img/torchserve-ipex-images/17.png
271b83a59,_static/img/torchserve-ipex-images/18.png
271b83a59,_static/img/torchserve-ipex-images/19.png
271b83a59,_static/img/torchserve-ipex-images/1_.png
271b83a59,_static/img/torchserve-ipex-images/2.png
271b83a59,_static/img/torchserve-ipex-images/20.gif
271b83a59,_static/img/torchserve-ipex-images/21.png
271b83a59,_static/img/torchserve-ipex-images/22.png
271b83a59,_static/img/torchserve-ipex-images/23.png
271b83a59,_static/img/torchserve-ipex-images/24.png
271b83a59,_static/img/torchserve-ipex-images/25.png
271b83a59,_static/img/torchserve-ipex-images/26.gif
271b83a59,_static/img/torchserve-ipex-images/27.png
271b83a59,_static/img/torchserve-ipex-images/28.png
271b83a59,_static/img/torchserve-ipex-images/29.png
271b83a59,_static/img/torchserve-ipex-images/3.png
271b83a59,_static/img/torchserve-ipex-images/30.png
271b83a59,_static/img/torchserve-ipex-images/31.png
271b83a59,_static/img/torchserve-ipex-images/4.png
271b83a59,_static/img/torchserve-ipex-images/5.png
271b83a59,_static/img/torchserve-ipex-images/6.png
271b83a59,_static/img/torchserve-ipex-images/7.png
271b83a59,_static/img/torchserve-ipex-images/8.png
271b83a59,_static/img/torchserve-ipex-images/9.gif
271b83a59,index.rst
271b83a59,intermediate_source/torchserve_with_ipex.rst
ca3f0b2c1,.circleci/config.yml
8b0894ede,advanced_source/generic_join.rst
8b0894ede,advanced_source/rpc_ddp_tutorial.rst
8b0894ede,beginner_source/dist_overview.rst
8b0894ede,intermediate_source/FSDP_tutorial.rst
8b0894ede,intermediate_source/ddp_tutorial.rst
8b0894ede,intermediate_source/dist_pipeline_parallel_tutorial.rst
8b0894ede,intermediate_source/dist_tuto.rst
8b0894ede,intermediate_source/process_group_cpp_extension_tutorial.rst
8b0894ede,intermediate_source/rpc_async_execution.rst
8b0894ede,intermediate_source/rpc_param_server_tutorial.rst
8b0894ede,intermediate_source/rpc_tutorial.rst
ce8670339,beginner_source/introyt/modelsyt_tutorial.py
1d9dc2537,LICENSE
1d9dc2537,conf.py
7b2d5dd48,.circleci/config.yml
aab1daeb6,index.rst
e6cad978f,beginner_source/examples_autograd/polynomial_custom_function.py
c577cffc5,.jenkins/build.sh
70a05c034,requirements.txt
6e21cf2e8,index.rst
cda858807,beginner_source/transfer_learning_tutorial.py
4c27d25cc,intermediate_source/FSDP_tutorial.rst
62ff2fd68,intermediate_source/torchrec_tutorial.rst
1e29d95a5,intermediate_source/FSDP_tutorial.rst
021ee9615,intermediate_source/dist_tuto.rst
dfec36ea3,intermediate_source/FSDP_tutorial.rst
fe5674f74,_static/img/distributed/DDP_memory.gif
fe5674f74,_static/img/distributed/FSDP_autowrap.gif
fe5674f74,_static/img/distributed/FSDP_memory.gif
fe5674f74,_static/img/distributed/fsdp_workflow.png
fe5674f74,_static/img/thumbnails/cropped/Getting-Started-with-FSDP.png
fe5674f74,index.rst
fe5674f74,intermediate_source/FSDP_tutorial.rst
07483e0b1,intermediate_source/forward_ad_usage.py
07483e0b1,requirements.txt
77a0912fd,.devcontainer/requirements.txt
18a964434,advanced_source/ddp_pipeline.py
18a964434,beginner_source/text_sentiment_ngrams_tutorial.py
18a964434,beginner_source/transformer_tutorial.py
18a964434,beginner_source/translation_transformer.py
18a964434,intermediate_source/pipeline_tutorial.py
9b045958d,.circleci/config.yml
9b045958d,.jenkins/build.sh
9b045958d,requirements.txt
42093e4c9,beginner_source/audio_feature_extractions_tutorial.py
a724d5897,README.md
f3f9aae6a,.jenkins/build.sh
fc8c2cd98,.jenkins/build.sh
92f01e1cc,README.md
9321af450,intermediate_source/speech_recognition_pipeline_tutorial.py
755e2a5ef,advanced_source/cpp_extension.rst
c8f730cb7,beginner_source/text_sentiment_ngrams_tutorial.py
724ce1ca8,recipes_source/recipes/saving_and_loading_a_general_checkpoint.py
0fd10e6c5,intermediate_source/speech_command_classification_with_torchaudio_tutorial.py
2a8e6b5c0,beginner_source/basics/autogradqs_tutorial.py
2f68be065,beginner_source/basics/buildmodel_tutorial.py
6cd0e06fe,_static/img/thumbnails/torchrec.png
6cd0e06fe,index.rst
6cd0e06fe,intermediate_source/torchrec_tutorial.rst
9fa30812d,intermediate_source/torchrec_tutorial.rst
7580ca154,.jenkins/build.sh
e0eb76a42,intermediate_source/torchrec_tutorial.rst
1f0b6d904,intermediate_source/dist_tuto.rst
cef13d2b3,.jenkins/build.sh
ba618b330,.circleci/config.yml
776c42e29,.jenkins/build.sh
a9c4fefe3,intermediate_source/torchrec_tutorial.rst
960e66eb5,.jenkins/build.sh
bb3523fe0,advanced_source/cpp_extension.rst
ebef6349c,.circleci/config.yml
feab8fd68,intermediate_source/realtime_rpi.rst
5bc5b94fb,_static/img/thumbnails/cropped/realtime_rpi.png
5bc5b94fb,index.rst
5bc5b94fb,intermediate_source/realtime_rpi.rst
0a6eb8237,beginner_source/transfer_learning_tutorial.py
237311d4e,requirements.txt
494b0028d,.devcontainer/requirements.txt
f7b5f1fda,intermediate_source/fx_profiling_tutorial.py
030a8e8fa,beginner_source/basics/data_tutorial.py
a6680ba48,beginner_source/basics/tensorqs_tutorial.py
8dddccc4c,beginner_source/basics/quickstart_tutorial.py
1db1c1ce9,_static/img/thumbnails/cropped/Customize-Process-Group-Backends-Using-Cpp-Extensions.png
1db1c1ce9,index.rst
1db1c1ce9,intermediate_source/process_group_cpp_extension_tutorial.rst
f769bed03,.circleci/config.yml
444fbd16f,intermediate_source/memory_format_tutorial.py
f2579c6f4,beginner_source/introyt/autogradyt_tutorial.py
6fa035e7c,beginner_source/introyt/modelsyt_tutorial.py
86abcf48b,beginner_source/introyt/introyt1_tutorial.py
eee75643b,prototype_source/tracing_based_selective_build.rst
92ca05f9d,intermediate_source/README.txt
1a83ceb95,recipes_source/intel_neural_compressor_for_pytorch.rst
1a83ceb95,recipes_source/recipes_index.rst
250f74190,beginner_source/blitz/autograd_tutorial.py
cc9d6ad65,beginner_source/basics/optimization_tutorial.py
cf97ee481,beginner_source/nlp/sequence_models_tutorial.py
48d1b22f6,beginner_source/dcgan_faces_tutorial.py
563162ab6,beginner_source/blitz/cifar10_tutorial.py
b9f9e5a1c,beginner_source/examples_nn/dynamic_net.py
9020fe35a,beginner_source/blitz/autograd_tutorial.py
b1d8993ad,beginner_source/nn_tutorial.py
0e39ee6c1,beginner_source/saving_loading_models.py
0ccfbf004,beginner_source/data_loading_tutorial.py
6d0f524c8,beginner_source/nlp/advanced_tutorial.py
b7879054f,.circleci/scripts/build_for_windows.sh
177c03fbd,beginner_source/ptcheat.rst
aecb73d1d,advanced_source/torch_script_custom_ops.rst
657f1382f,beginner_source/former_torchies/autograd_tutorial_old.py
4be0618e4,advanced_source/torch_script_custom_ops.rst
f442f270f,index.rst
1fdf1cd03,index.rst
1fdf1cd03,intermediate_source/forward_ad_usage.py
796013c10,forward_ad_usage.py
c2115df80,beginner_source/introyt.rst
c2115df80,beginner_source/introyt/README.txt
c2115df80,beginner_source/introyt/autogradyt_tutorial.py
c2115df80,beginner_source/introyt/captumyt.py
c2115df80,beginner_source/introyt/introyt1_tutorial.py
c2115df80,beginner_source/introyt/modelsyt_tutorial.py
c2115df80,beginner_source/introyt/tensorboardyt_tutorial.py
c2115df80,beginner_source/introyt/tensors_deeper_tutorial.py
c2115df80,beginner_source/introyt/tocyt.txt
c2115df80,beginner_source/introyt/trainingyt.py
c2115df80,index.rst
c2115df80,requirements.txt
db9657202,beginner_source/transfer_learning_tutorial.py
2571e95df,prototype_source/prototype_index.rst
7fc978249,beginner_source/basics/data_tutorial.py
281f3702d,advanced_source/dispatcher.rst
c25aa7ae6,beginner_source/basics/buildmodel_tutorial.py
3df4ce004,beginner_source/basics/quickstart_tutorial.py
640d55ce6,beginner_source/examples_autograd/polynomial_custom_function.py
f43f856e2,recipes_source/recipes/Captum_Recipe.py
c08519b87,beginner_source/examples_autograd/polynomial_autograd.py
c08519b87,beginner_source/examples_autograd/polynomial_custom_function.py
a04723ddb,intermediate_source/speech_recognition_pipeline_tutorial.py
5c4405627,recipes_source/intel_extension_for_pytorch.rst
5c4405627,recipes_source/recipes/intel_extension_for_pytorch.py
5c4405627,recipes_source/recipes_index.rst
96f224706,intermediate_source/forced_alignment_with_torchaudio_tutorial.py
254d927bd,index.rst
cbf2238df,intermediate_source/autograd_saved_tensors_hooks_tutorial.py
d437daee2,_static/img/thumbnails/cropped/torchaudio-asr.png
2ad37aef5,.devcontainer/requirements.txt
2ad37aef5,.jenkins/build.sh
2ad37aef5,requirements.txt
bbcf868d4,beginner_source/dist_overview.rst
18905c930,index.rst
18905c930,intermediate_source/speech_command_classification_with_torchaudio_tutorial.py
5d5f450d3,_static/img/thumbnails/cropped/torchaudio-alignment.png
5d5f450d3,index.rst
5d5f450d3,intermediate_source/forced_alignment_with_torchaudio_tutorial.py
1be495d6f,.circleci/scripts/build_for_windows.sh
1be495d6f,beginner_source/audio_data_augmentation_tutorial.py
1be495d6f,beginner_source/audio_datasets_tutorial.py
1be495d6f,beginner_source/audio_feature_augmentation_tutorial.py
1be495d6f,beginner_source/audio_feature_extractions_tutorial.py
1be495d6f,beginner_source/audio_io_tutorial.py
1be495d6f,beginner_source/audio_preprocessing_tutorial.py
1be495d6f,beginner_source/audio_resampling_tutorial.py
1be495d6f,index.rst
de46862f8,prototype_source/nnapi_mobilenetv2.rst
b6c1ae9ce,.jenkins/build.sh
aefe1f2de,intermediate_source/torchvision_tutorial.rst
526cbe598,beginner_source/basics/saveloadrun_tutorial.py
44bd518d5,_static/img/profiler_callstack.png
44bd518d5,_static/img/profiler_kernel_view.png
44bd518d5,_static/img/profiler_operator_view.png
44bd518d5,_static/img/profiler_overview1.png
44bd518d5,_static/img/profiler_overview2.png
44bd518d5,_static/img/profiler_trace_view_fwd_bwd.png
44bd518d5,_static/img/profiler_views_list.png
44bd518d5,intermediate_source/tensorboard_profiler_tutorial.py
1ef0d1113,intermediate_source/tensorboard_profiler_tutorial.py
2c599be09,_static/img/thumbnails/cropped/torchaudio-asr.png
2c599be09,index.rst
2c599be09,intermediate_source/speech_recognition_pipeline_tutorial.py
f725a0ed6,prototype_source/nnapi_mobilenetv2.rst
88e5e4ab4,.jenkins/build.sh
7007cf0b7,_static/img/tts_pipeline.png
7007cf0b7,index.rst
7007cf0b7,intermediate_source/text_to_speech_with_torchaudio.py
9de0c6475,.jenkins/build.sh
9de0c6475,_static/img/profiler_memory_curve_selecting.png
9de0c6475,_static/img/profiler_memory_curve_single.png
9de0c6475,_static/img/profiler_memory_view.png
9de0c6475,beginner_source/audio_preprocessing_tutorial.py
9de0c6475,intermediate_source/pipeline_tutorial.py
9de0c6475,intermediate_source/tensorboard_profiler_tutorial.py
d7b5f5e94,recipes_source/bundled_inputs.rst
2283a3e49,prototype_source/ios_coreml_workflow.rst
e35ec7626,intermediate_source/tensorboard_profiler_tutorial.py
cb6e5c9f2,prototype_source/tracing_based_selective_build.rst
ff1e50dd1,recipes_source/zero_redundancy_optimizer.rst
f6d75f83c,recipes_source/recipes/intel_extension_for_pytorch.py
f6d75f83c,recipes_source/recipes_index.rst
d5161086e,beginner_source/blitz/tensor_tutorial.py
521b1235e,intermediate_source/torchvision_tutorial.rst
8dab2c5eb,recipes_source/recipes/loading_data_recipe.py
c2c64c7df,.jenkins/build.sh
533531f40,beginner_source/ptcheat.rst
fc1de5f3b,beginner_source/blitz/cifar10_tutorial.py
e75bf2547,beginner_source/former_torchies/parallelism_tutorial.py
63d7bf429,intermediate_source/rpc_async_execution.rst
d228c104e,advanced_source/cpp_frontend.rst
c8d38106e,intermediate_source/rpc_async_execution.rst
dafab370c,advanced_source/dispatcher.rst
21eb3f9bf,runtime.txt
162b52d9b,advanced_source/cpp_frontend.rst
ca88f16db,beginner_source/dcgan_faces_tutorial.py
e924720de,beginner_source/nlp/word_embeddings_tutorial.py
e5a7d53bb,recipes_source/deployment_with_flask.rst
9f397dc03,advanced_source/dispatcher.rst
834c63b86,recipes_source/recipes/Captum_Recipe.py
f32d185cc,requirements.txt
e3a7def4a,.devcontainer/requirements.txt
067927177,advanced_source/neural_style_tutorial.py
011ae8a6d,prototype_source/vmap_recipe.py
a8db85b13,prototype_source/ios_gpu_workflow.rst
4e93403ad,beginner_source/audio_preprocessing_tutorial.py
572dc1357,beginner_source/basics/quickstart_tutorial.py
11df15775,prototype_source/ios_gpu_workflow.rst
5443837e2,intermediate_source/custom_function_conv_bn_tutorial.py
c0029a164,prototype_source/fx_graph_mode_quant_guide.py
c0029a164,prototype_source/fx_graph_mode_quant_guide.rst
a572f79c6,beginner_source/basics/quickstart_tutorial.py
73747abe7,beginner_source/basics/buildmodel_tutorial.py
73747abe7,beginner_source/basics/optimization_tutorial.py
3af71c993,intermediate_source/custom_function_conv_bn_tutorial.py
7e30229b5,index.rst
a9bb29b01,.gitignore
a9bb29b01,index.rst
a9bb29b01,intermediate_source/custom_function_double_backward_tutorial.rst
2855a42a3,beginner_source/basics/autogradqs_tutorial.py
2dddbd9b5,beginner_source/basics/README.txt
2dddbd9b5,beginner_source/basics/autogradqs_tutorial.py
2dddbd9b5,beginner_source/basics/buildmodel_tutorial.py
2dddbd9b5,beginner_source/basics/data_tutorial.py
2dddbd9b5,beginner_source/basics/intro.py
2dddbd9b5,beginner_source/basics/optimization_tutorial.py
2dddbd9b5,beginner_source/basics/quickstart_tutorial.py
2dddbd9b5,beginner_source/basics/saveloadrun_tutorial.py
2dddbd9b5,beginner_source/basics/tensorqs_tutorial.py
2dddbd9b5,beginner_source/basics/transforms_tutorial.py
c2c30b47f,recipes_source/recipes/defining_a_neural_network.py
f3543da1d,beginner_source/text_sentiment_ngrams_tutorial.py
350726616,advanced_source/rpc_ddp_tutorial/main.py
5273ea4cb,index.rst
9f170cc1e,prototype_source/ios_gpu_workflow.rst
fb6a49d83,advanced_source/generic_join.rst
fb6a49d83,beginner_source/dist_overview.rst
fb6a49d83,index.rst
9b5bd31c5,intermediate_source/flask_rest_api_tutorial.py
4e4730c4b,intermediate_source/memory_format_tutorial.py
e90a8a26f,prototype_source/ios_gpu_workflow.rst
ac39d0311,.circleci/config.yml
22ab21bf5,beginner_source/transformer_tutorial.py
a1ad9ed50,intermediate_source/ddp_tutorial.rst
efb676fa9,index.rst
9b7e43069,beginner_source/basics/data_tutorial.py
eccfa1470,beginner_source/audio_preprocessing_tutorial.py
4fb967e37,intermediate_source/quantized_transfer_learning_tutorial.rst
508f9768f,recipes_source/fuse.rst
508f9768f,recipes_source/mobile_perf.rst
ca3fd13c3,index.rst
ca3fd13c3,intermediate_source/custom_function_conv_bn_tutorial.py
618c89784,advanced_source/torch_script_custom_classes.rst
618c89784,advanced_source/torch_script_custom_classes/custom_class_project/class.cpp
618c89784,advanced_source/torch_script_custom_classes/custom_class_project/custom_test.py
a04bde43b,beginner_source/vt_tutorial.py
a04bde43b,index.rst
af614fa23,beginner_source/saving_loading_models.py
eabfdaf61,recipes_source/recipes/loading_data_recipe.py
b25c905f9,beginner_source/data_loading_tutorial.py
6cafb9936,beginner_source/vt_tutorial.py
24ad87fdb,beginner_source/nlp/pytorch_tutorial.py
323ff0b30,_static/img/profiler_callstack.png
323ff0b30,_static/img/profiler_distributed_view.png
323ff0b30,_static/img/profiler_kernel_view.png
323ff0b30,_static/img/profiler_memory_view.png
323ff0b30,_static/img/profiler_operator_view.png
323ff0b30,_static/img/profiler_overview1.png
323ff0b30,_static/img/profiler_overview2.png
323ff0b30,_static/img/profiler_trace_view1.png
323ff0b30,_static/img/profiler_trace_view2.png
323ff0b30,_static/img/profiler_views_list.png
323ff0b30,_static/img/profiler_vscode.png
323ff0b30,intermediate_source/tensorboard_profiler_tutorial.py
1056a2f69,recipes_source/recipes/dynamic_quantization.py
d3871ec9d,intermediate_source/dist_tuto.rst
cd2ade31e,intermediate_source/char_rnn_generation_tutorial.py
846a7276b,intermediate_source/char_rnn_generation_tutorial.py
066b4d9a5,beginner_source/basics/optimization_tutorial.py
066b4d9a5,beginner_source/basics/quickstart_tutorial.py
e8b6687c3,beginner_source/basics/quickstart_tutorial.py
2c914aa71,beginner_source/basics/transforms_tutorial.py
f07cbc510,prototype_source/prototype_index.rst
03db2af6e,intermediate_source/torchvision_tutorial.rst
243acd783,prototype_source/skip_param_init.rst
817e3aeb8,.circleci/scripts/build_for_windows.sh
5d997b2ac,prototype_source/ios_gpu_workflow.rst
5d997b2ac,prototype_source/lite_interpreter.rst
5d997b2ac,recipes_source/mobile_interpreter.rst
a981886fd,.jenkins/build.sh
a981886fd,_static/img/perf_viz.png
a981886fd,_static/img/trace_img.png
a981886fd,beginner_source/audio_preprocessing_tutorial.py
a981886fd,beginner_source/text_sentiment_ngrams_tutorial.py
a981886fd,beginner_source/transformer_tutorial.py
a981886fd,intermediate_source/pipeline_tutorial.py
a981886fd,prototype_source/numeric_suite_tutorial.py
a981886fd,recipes_source/recipes/profiler_recipe.py
973193b4e,beginner_source/translation_transformer.py
07890e045,advanced_source/ddp_pipeline.py
9259e7b12,intermediate_source/pipeline_tutorial.py
f99029184,requirements.txt
34e69c78b,.devcontainer/requirements.txt
ed8f3ff7d,recipes_source/recipes/tensorboard_with_pytorch.py
7248f4feb,.circleci/config.yml
3d73e9fd4,prototype_source/prototype_index.rst
3d73e9fd4,recipes_source/recipes_index.rst
2478d7ff3,recipes_source/mobile_interpreter.rst
2478d7ff3,recipes_source/mobile_perf.rst
3945dd812,beginner_source/dcgan_faces_tutorial.py
7f331aebd,beginner_source/text_sentiment_ngrams_tutorial.py
4e1e4882e,beginner_source/basics/buildmodel_tutorial.py
07fc67428,recipes_source/recipes/tuning_guide.py
a16270286,intermediate_source/seq2seq_translation_tutorial.py
4526e06c7,beginner_source/basics/data_tutorial.py
39d641b66,intermediate_source/dist_tuto.rst
c38ba8632,beginner_source/basics/data_tutorial.py
fd97ed450,beginner_source/chatbot_tutorial.py
ee3777072,_static/images/microsoft-logo.svg
ee3777072,_templates/layout.html
ee3777072,beginner_source/basics/intro.py
aff18d84b,index.rst
4e1d8d295,beginner_source/basics/data_tutorial.py
7a432d8d0,advanced_source/rpc_ddp_tutorial.rst
7a432d8d0,advanced_source/rpc_ddp_tutorial/main.py
93a8fdfd0,index.rst
7e19410c4,advanced_source/rpc_ddp/main.py
7e19410c4,advanced_source/rpc_ddp_tutorial.rst
5aabdab98,custom_directives.py
09a20e84f,index.rst
22090f632,intermediate_source/seq2seq_translation_tutorial.py
35833c1a6,advanced_source/rpc_ddp_tutorial.rst
f2aee2323,advanced_source/rpc_ddp_tutorial/main.py
6efe1c556,recipes_source/recipes/dynamic_quantization.py
990fd1a63,intermediate_source/tensorboard_tutorial.rst
5d3d8cfab,intermediate_source/model_parallel_tutorial.py
580903e3e,beginner_source/blitz/cifar10_tutorial.py
580903e3e,beginner_source/blitz/neural_networks_tutorial.py
024481553,_templates/layout.html
024481553,conf.py
e24dcedb9,advanced_source/extend_dispatcher.rst
e24dcedb9,advanced_source/torch-script-parallelism.rst
e24dcedb9,advanced_source/torch_script_custom_ops.rst
e24dcedb9,beginner_source/hyperparameter_tuning_tutorial.py
e24dcedb9,prototype_source/fx_graph_mode_ptq_static.rst
e24dcedb9,recipes_source/android_native_app_with_custom_op.rst
940666af0,beginner_source/basics/data_tutorial.py
5b127c53a,beginner_source/basics/autogradqs_tutorial.py
3a03e1d12,intermediate_source/flask_rest_api_tutorial.py
ef109f006,beginner_source/text_sentiment_ngrams_tutorial.py
0686324ff,beginner_source/data_loading_tutorial.py
a407adcb5,beginner_source/transfer_learning_tutorial.py
6c7d1837c,beginner_source/basics/optimization_tutorial.py
cf10bed4d,intermediate_source/parametrizations.py
eba267817,index.rst
2a824f3da,CODE_OF_CONDUCT.md
2cfac4ac7,CONTRIBUTING.md
2a3b93aba,conf.py
93d64241f,advanced_source/cpp_extension.rst
061f10104,recipes_source/distributed_optim_torchscript.rst
061f10104,recipes_source/recipes_index.rst
af68d6883,intermediate_source/dist_pipeline_parallel_tutorial.rst
ff0bfef7b,beginner_source/former_torchies/parallelism_tutorial.py
bdbaa7ac0,beginner_source/blitz/neural_networks_tutorial.py
03341a2ed,.circleci/config.yml
72b6df184,intermediate_source/reinforcement_q_learning.py
e18d23396,beginner_source/blitz/cifar10_tutorial.py
8dfdda49c,intermediate_source/reinforcement_q_learning.py
f1fd16fa9,index.rst
f1fd16fa9,intermediate_source/speech_command_recognition_with_torchaudio_tutorial.py
760455d65,beginner_source/nn_tutorial.py
ff0cfa18e,beginner_source/blitz/neural_networks_tutorial.py
424f0275e,beginner_source/blitz/README.txt
d19bf6f41,README.md
669107c41,beginner_source/basics/autogradqs_tutorial.py
669107c41,beginner_source/basics/buildmodel_tutorial.py
a06b381df,intermediate_source/reinforcement_q_learning.py
3708a1801,beginner_source/dcgan_faces_tutorial.py
effbcf574,beginner_source/basics/data_tutorial.py
4c48624cb,intermediate_source/rpc_tutorial.rst
e478586e7,beginner_source/chatbot_tutorial.py
df551a838,intermediate_source/torchvision_tutorial.rst
3e6d1f4aa,beginner_source/transformer_tutorial.py
a075e3d54,beginner_source/nlp/pytorch_tutorial.py
cd32ed969,beginner_source/basics/autogradqs_tutorial.py
febdbe79a,index.rst
f1177c044,.circleci/scripts/build_for_windows.sh
4f0558246,_static/img/profiler_overview1.png
4f0558246,_static/img/profiler_overview2.png
4f0558246,_static/img/profiler_trace_view1.png
4f0558246,_static/img/profiler_trace_view2.png
4f0558246,_static/img/profiler_views_list.png
7d33de796,beginner_source/colab.rst
6c15dfd09,index.rst
58f738641,intermediate_source/rpc_tutorial.rst
7340002cd,_templates/layout.html
7340002cd,index.rst
0fb278107,intermediate_source/dist_tuto.rst
35ae0ead3,conf.py
35ae0ead3,requirements.txt
24946b2e6,.circleci/scripts/build_for_windows.sh
24946b2e6,_static/img/profiler_overview1.PNG
24946b2e6,_static/img/profiler_overview2.PNG
24946b2e6,_static/img/profiler_trace_view1.PNG
24946b2e6,_static/img/profiler_trace_view2.PNG
24946b2e6,_static/img/profiler_views_list.PNG
24946b2e6,index.rst
24946b2e6,intermediate_source/tensorboard_profiler_tutorial.py
d763c4086,_static/img/tensorboard_pr_curves.png
d763c4086,intermediate_source/tensorboard_tutorial.rst
faad2644f,intermediate_source/model_parallel_tutorial.py
a3f4644b0,beginner_source/PyTorch
a3f4644b0,Cheat.md
a3f4644b0,beginner_source/basics/data_tutorial.py
a3f4644b0,beginner_source/basics/quickstart_tutorial.py
a3f4644b0,beginner_source/basics/transforms_tutorial.py
a3f4644b0,beginner_source/ptcheat.rst
a3f4644b0,intermediate_source/flask_rest_api_tutorial.py
a3f4644b0,intermediate_source/tensorboard_tutorial.rst
a3f4644b0,recipes_source/deployment_with_flask.rst
2f55589b6,beginner_source/torchtext_translation.py
2f55589b6,beginner_source/translation_transformer.py
2f55589b6,index.rst
eb732ef72,advanced_source/ddp_pipeline.py
53d0fd734,.circleci/scripts/build_for_windows.sh
b76d6fc24,beginner_source/basics/optimization_tutorial.py
dc5c41c91,_static/img/thumbnails/cropped/parametrizations.png
dc5c41c91,index.rst
dc5c41c91,intermediate_source/parametrizations.py
dc5c41c91,intermediate_source/tensorboard_tutorial.rst
bf9138572,beginner_source/basics/optimization_tutorial.py
393d3de67,nan
1df63bf1d,nan
099638f55,intermediate_source/spatial_transformer_tutorial.py
82dbee94f,advanced_source/cpp_export.rst
0445e9cc8,beginner_source/nlp/README.txt
0445e9cc8,beginner_source/nlp/sequence_models_tutorial.py
515c64ee3,beginner_source/blitz/neural_networks_tutorial.py
a0f40b6fb,beginner_source/nlp/word_embeddings_tutorial.py
b5fefbebf,beginner_source/nlp/word_embeddings_tutorial.py
e0938fbd1,beginner_source/blitz/cifar10_tutorial.py
fd817f951,advanced_source/cpp_extension.rst
fa83e33f9,beginner_source/blitz/neural_networks_tutorial.py
f35c04add,beginner_source/dcgan_faces_tutorial.py
ffcaefdbf,intermediate_source/reinforcement_q_learning.py
5eaaf3508,advanced_source/cpp_extension.rst
f11981952,advanced_source/super_resolution_with_onnxruntime.py
c1caaac26,beginner_source/blitz/cifar10_tutorial.py
df2be6a0d,beginner_source/saving_loading_models.py
f13d5e1d5,intermediate_source/memory_format_tutorial.py
f77603399,beginner_source/blitz/cifar10_tutorial.py
4bd116438,intermediate_source/reinforcement_q_learning.py
7c68af860,beginner_source/data_loading_tutorial.py
86ee4d0d1,intermediate_source/dist_tuto.rst
4f2ce0e89,beginner_source/data_loading_tutorial.py
f1a94fb15,beginner_source/dcgan_faces_tutorial.py
585563ec0,beginner_source/data_loading_tutorial.py
be9d2e6eb,intermediate_source/dynamic_quantization_bert_tutorial.rst
a67438ba5,intermediate_source/pipeline_tutorial.py
f9b584001,intermediate_source/torchvision_tutorial.rst
508023554,beginner_source/transformer_tutorial.py
0c83a7bb0,beginner_source/Intro_to_TorchScript_tutorial.py
a68556421,intermediate_source/dist_tuto.rst
4f0f5177d,intermediate_source/reinforcement_q_learning.py
3f9967dd5,prototype_source/ios_gpu_workflow.rst
e7932fc91,beginner_source/Intro_to_TorchScript_tutorial.py
8fea5d349,index.rst
cecea517b,beginner_source/examples_nn/polynomial_module.py
6738ff19a,beginner_source/blitz/cifar10_tutorial.py
666e12a5d,beginner_source/blitz/autograd_tutorial.py
49fe71db2,beginner_source/README.txt
167ef25f2,intermediate_source/README.txt
c47cfc1c0,beginner_source/nlp/pytorch_tutorial.py
4bf264ba2,intermediate_source/torchvision_tutorial.rst
78b37e09b,intermediate_source/fx_conv_bn_fuser.py
a7aa02c90,beginner_source/blitz/cifar10_tutorial.py
9b377fd4a,recipes_source/recipes/loading_data_recipe.py
7c6ff802f,prototype_source/fx_graph_mode_ptq_static.rst
30d0f3ae3,requirements.txt
9a43c95b7,beginner_source/blitz/autograd_tutorial.py
6fb4757ad,beginner_source/basics/quickstart_tutorial.py
4b84867a5,recipes_source/recipes/timer_quick_start.py
4b84867a5,recipes_source/recipes_index.rst
876707c82,beginner_source/blitz/neural_networks_tutorial.py
5016e7277,intermediate_source/seq2seq_translation_tutorial.py
3ea3439e6,_static/torchvision_finetuning_instance_segmentation.ipynb
3ea3439e6,_static/tv-training-code.py
3ea3439e6,intermediate_source/torchvision_tutorial.rst
61d9d4bfc,intermediate_source/char_rnn_classification_tutorial.py
70f82fe95,.jenkins/build.sh
1e0839fbb,README.md
0e9bbfc07,beginner_source/data_loading_tutorial.py
3e11c1f1d,advanced_source/static_quantization_tutorial.rst
3e11c1f1d,prototype_source/fx_graph_mode_ptq_static.rst
25ece55aa,beginner_source/pytorch_with_examples.rst
d92492e6a,advanced_source/cpp_extension.rst
c15c405ec,.circleci/scripts/build_for_windows.sh
ee6256c13,beginner_source/ptcheat.rst
af754cbda,recipes_source/cuda_rpc.rst
af754cbda,recipes_source/recipes_index.rst
af754cbda,recipes_source/zero_redundancy_optimizer.rst
7387edb61,advanced_source/cpp_extension.rst
b23c89a2d,.devcontainer/requirements.txt
a1aa3b96e,.jenkins/build.sh
a1aa3b96e,advanced_source/ddp_pipeline.py
a1aa3b96e,index.rst
2107a7a52,requirements.txt
34b350ba1,.circleci/scripts/build_for_windows.sh
d828a86b2,beginner_source/dcgan_faces_tutorial.py
51de9f9e7,advanced_source/ddp_pipeline_tutorial.py
002409a76,beginner_source/vt_tutorial.py
d62b1c130,_static/img/thumbnails/cropped/Training-Transformer-models-using-Pipeline-Parallelism.png
d62b1c130,index.rst
d62b1c130,intermediate_source/pipeline_tutorial.py
50ecf4046,.circleci/scripts/build_for_windows.sh
4ceb9c8c8,index.rst
0365c6acb,beginner_source/vt_tutorial.py
0365c6acb,requirements.txt
81dfd89a4,.jenkins/build.sh
cd07ceac8,.jenkins/build.sh
8894cbc8a,index.rst
1714f3ab9,beginner_source/audio_preprocessing_tutorial.py
468a52d87,recipes_source/recipes/profiler_recipe.py
f819e0b88,_templates/layout.html
a6066cb3a,.jenkins/build.sh
4794be6f7,.jenkins/build.sh
4794be6f7,_static/img/thumbnails/cropped/Training-Transformer-Models-using-Distributed-Data-Parallel-and-Pipeline-Parallelism.png
4794be6f7,advanced_source/ddp_pipeline_tutorial.py
4794be6f7,beginner_source/audio_preprocessing_tutorial.py
4794be6f7,beginner_source/text_sentiment_ngrams_tutorial.py
4794be6f7,beginner_source/transformer_tutorial.py
4794be6f7,index.rst
4794be6f7,intermediate_source/fx_conv_bn_fuser.py
4794be6f7,intermediate_source/fx_profiling_tutorial.py
4794be6f7,prototype_source/numeric_suite_tutorial.py
4794be6f7,requirements.txt
81e70018d,advanced_source/dynamic_quantization_tutorial.py
78cf46b85,beginner_source/dist_overview.rst
db6d74dd8,recipes_source/zero_redundancy_optimizer.rst
4d8e7881f,_templates/layout.html
4d8e7881f,index.rst
8121690fe,_static/img/quickstart/comp-graph.png
8121690fe,_static/img/quickstart/fashion_mnist.png
8121690fe,_static/img/quickstart/optimizationloops.png
8121690fe,_static/img/quickstart/typesdata.png
8121690fe,beginner_source/basics/autogradqs_tutorial.py
8121690fe,beginner_source/basics/buildmodel_tutorial.py
8121690fe,beginner_source/basics/data_tutorial.py
8121690fe,beginner_source/basics/intro.py
8121690fe,beginner_source/basics/optimization_tutorial.py
8121690fe,beginner_source/basics/qs_toc.txt
8121690fe,beginner_source/basics/quickstart_tutorial.py
8121690fe,beginner_source/basics/saveloadrun_tutorial.py
8121690fe,beginner_source/basics/tensorqs_tutorial.py
8121690fe,beginner_source/basics/transforms_tutorial.py
8121690fe,index.rst
38d9474ac,prototype_source/fx_graph_mode_ptq_dynamic.py
38d9474ac,prototype_source/fx_graph_mode_ptq_static.rst
b56094c02,prototype_source/prototype_index.rst
8b1cc5955,_templates/layout.html
8313780d6,index.rst
8261008eb,intermediate_source/quantized_transfer_learning_tutorial.rst
243ed3569,_static/img/thumbnails/cropped/generic-pytorch-logo.png
243ed3569,_static/img/thumbnails/cropped/graph-mode-dynamic-bert.png
243ed3569,index.rst
243ed3569,prototype_source/prototype_index.rst
7449ed372,beginner_source/fgsm_tutorial.py
7449ed372,intermediate_source/spatial_transformer_tutorial.py
82d922b99,index.rst
9d46360b5,prototype_source/lite_interpreter.rst
8d0b5cc8d,.circleci/config.yml
8d0b5cc8d,.devcontainer/Dockerfile
8d0b5cc8d,.devcontainer/devcontainer.json
8d0b5cc8d,build.sh
960192c2c,_templates/layout.html
ef58ce15e,recipes_source/recipes_index.rst
ef58ce15e,recipes_source/zero_redundancy_optimizer.rst
587700609,index.rst
a6ae79a6d,intermediate_source/ddp_tutorial.rst
f0e867305,.circleci/scripts/build_for_windows.sh
9bf1bc71a,recipes_source/recipes/zeroing_out_gradients.py
2d8227c65,.devcontainer/requirements.txt
29e7620aa,_templates/layout.html
2337ff52c,.jenkins/build.sh
2337ff52c,requirements.txt
9b6839705,beginner_source/basics/tensorqs_tutorial.py
d835c5319,beginner_source/basics/autogradqs_tutorial.py
9f02a40ca,.devcontainer/Dockerfile
9f02a40ca,.devcontainer/devcontainer.json
9f02a40ca,.devcontainer/requirements.txt
9f02a40ca,.gitignore
9f02a40ca,_static/img/basics/comp-graph.png
9f02a40ca,_static/img/basics/fashion_mnist.png
9f02a40ca,_static/img/basics/optimizationloops.png
9f02a40ca,_static/img/basics/typesdata.png
9f02a40ca,_static/img/quickstart/comp-graph.png
9f02a40ca,_static/img/quickstart/fashion_mnist.png
9f02a40ca,_static/img/quickstart/optimizationloops.png
9f02a40ca,_static/img/quickstart/typesdata.png
9f02a40ca,beginner_source/basics/README.txt
9f02a40ca,beginner_source/basics/autograd_tutorial.py
9f02a40ca,beginner_source/basics/buildmodel_tutorial.py
9f02a40ca,beginner_source/basics/data_tutorial.py
9f02a40ca,beginner_source/basics/intro.py
9f02a40ca,beginner_source/basics/optimization_tutorial.py
9f02a40ca,beginner_source/basics/qs_toc.txt
9f02a40ca,beginner_source/basics/quickstart_tutorial.py
9f02a40ca,beginner_source/basics/saveloadrun_tutorial.py
9f02a40ca,beginner_source/basics/tensor_tutorial.py
9f02a40ca,beginner_source/basics/transforms_tutorial.py
347ce5c91,.jenkins/build.sh
a42fb20c8,beginner_source/nn_tutorial.py
77d01d464,prototype_source/README.txt
77d01d464,prototype_source/fx_graph_mode_ptq_static.rst
a88183552,intermediate_source/dist_pipeline_parallel_tutorial.rst
7eb911421,index.rst
32970a34a,advanced_source/extend_dispatcher.rst
ec7da9821,beginner_source/torchtext_translation.py
ec7da9821,index.rst
1f9c7c46c,beginner_source/profiler.py
1f9c7c46c,recipes_source/recipes/profiler_recipe.py
0b3acfba5,_templates/layout.html
a6c4fd872,recipes_source/recipes/custom_dataset_transforms_loader.py
a6c4fd872,recipes_source/recipes_index.rst
2a26aaf6a,advanced_source/dispatcher.rst
2a26aaf6a,advanced_source/extend_dispatcher.rst
2a26aaf6a,index.rst
9a38f3d41,beginner_source/profiler.py
9a38f3d41,recipes_source/recipes/profiler_recipe.py
9a38f3d41,recipes_source/recipes_index.rst
203099a02,_static/img/8_workers.png
203099a02,_static/img/oneworker.png
203099a02,recipes_source/distributed_rpc_profiling.rst
7045082ff,Makefile
7045082ff,prototype_source/fx_graph_mode_ptq_static.py
7045082ff,prototype_source/graph_mode_static_quantization_tutorial.py
46de0698a,advanced_source/static_quantization_tutorial.py
46de0698a,index.rst
6ce4bb072,prototype_source/README.txt
6ce4bb072,prototype_source/fx_graph_mode_quant_guide.py
c5794c9b9,beginner_source/dist_overview.rst
e72255a40,beginner_source/Intro_to_TorchScript_tutorial.py
c5fe766c7,prototype_source/README.txt
c5fe766c7,prototype_source/fx_graph_mode_ptq_dynamic.py
b3dd09e4d,_static/img/dag_autograd.png
b3dd09e4d,beginner_source/blitz/autograd_tutorial.py
b3dd09e4d,beginner_source/blitz/tensor_tutorial.py
b3dd09e4d,beginner_source/deep_learning_60min_blitz.rst
5ea0ff64d,beginner_source/profiler.py
5ea0ff64d,index.rst
5edc9f4b3,recipes_source/recipes/Captum_Recipe.py
f2ac2534e,beginner_source/profiler_tutorial_.py
f2ac2534e,index.rst
9a86d97cc,index.rst
9a86d97cc,intermediate_source/mario_rl_tutorial.py
f36e7a598,.circleci/scripts/build_for_windows.sh
f36e7a598,_static/img/mario.gif
f36e7a598,_static/img/mario_env.png
f36e7a598,index.rst
f36e7a598,intermediate_source/mario_rl_tutorial.py
f36e7a598,requirements.txt
0e7d61073,prototype_source/README.txt
0e7d61073,prototype_source/fx_graph_mode_ptq_static.py
669717ebb,nan
9e6f2c4f8,beginner_source/nlp/sequence_models_tutorial.py
5b42d6cec,intermediate_source/dist_tuto.rst
ce58d5904,beginner_source/examples_autograd/polynomial_autograd.py
ce58d5904,beginner_source/examples_autograd/polynomial_custom_function.py
ce58d5904,beginner_source/examples_autograd/tf_two_layer_net.py
ce58d5904,beginner_source/examples_autograd/two_layer_net_autograd.py
ce58d5904,beginner_source/examples_autograd/two_layer_net_custom_function.py
ce58d5904,beginner_source/examples_nn/dynamic_net.py
ce58d5904,beginner_source/examples_nn/polynomial_module.py
ce58d5904,beginner_source/examples_nn/polynomial_nn.py
ce58d5904,beginner_source/examples_nn/polynomial_optim.py
ce58d5904,beginner_source/examples_tensor/polynomial_numpy.py
ce58d5904,beginner_source/examples_tensor/polynomial_tensor.py
ce58d5904,beginner_source/examples_tensor/two_layer_net_numpy.py
ce58d5904,beginner_source/pytorch_with_examples.rst
133e5b6a8,beginner_source/torchtext_translation_tutorial.py
3128e1310,beginner_source/transformer_tutorial.py
8777ee2f6,recipes_source/recipes/benchmark.py
8777ee2f6,recipes_source/recipes/profiler.py
8777ee2f6,recipes_source/recipes_index.rst
1fa08cbb0,beginner_source/nn_tutorial.py
33dc820d0,_static/mnist.pkl.gz
d49ce5ce4,requirements.txt
45e4f2a1c,beginner_source/deeplabv3_on_android.rst
45e4f2a1c,beginner_source/deeplabv3_on_ios.rst
73b6cd9a9,README.md
9ecc44a60,beginner_source/examples_autograd/two_layer_net_autograd.py
9ecc44a60,beginner_source/examples_autograd/two_layer_net_custom_function.py
e6167a9e5,intermediate_source/speech_command_recognition_with_torchaudio.py
0f6b204f1,beginner_source/audio_preprocessing_tutorial.py
7bd031519,index.rst
65778b9f3,_static/img/deeplabv3_android.png
65778b9f3,_static/img/deeplabv3_android2.png
65778b9f3,_static/img/deeplabv3_ios.png
65778b9f3,_static/img/deeplabv3_ios2.png
65778b9f3,beginner_source/deeplabv3_on_android.rst
65778b9f3,beginner_source/deeplabv3_on_ios.rst
65778b9f3,recipes_source/fuse.rst
65778b9f3,recipes_source/model_preparation_ios.rst
65778b9f3,recipes_source/quantization.rst
65778b9f3,recipes_source/script_optimized.rst
74b76631c,prototype_source/nnapi_mobilenetv2.rst
0f29eeb2d,.circleci/config.yml
0f29eeb2d,.circleci/scripts/build_for_windows.sh
12cecd116,_static/img/thumbnails/cropped/torchaudio-speech.png
12cecd116,index.rst
7e1cee8f5,intermediate_source/speech_command_recognition_with_torchaudio.py
9a4d70270,prototype_source/ios_gpu_workflow.rst
9a4d70270,prototype_source/vulkan_workflow.rst
58dd3cd79,_templates/layout.html
603773e1d,requirements.txt
89acae0ac,conf.py
89acae0ac,requirements.txt
488a2ebc4,intermediate_source/torchvision_tutorial.rst
9d536966a,beginner_source/chatbot_tutorial.py
e5f60c643,advanced_source/dynamic_quantization_tutorial.py
e5f60c643,beginner_source/transformer_tutorial.py
e5f60c643,prototype_source/graph_mode_static_quantization_tutorial.py
1c1f40d5f,advanced_source/static_quantization_tutorial.py
40f802750,beginner_source/transformer_tutorial.py
8eb4e3da4,intermediate_source/ddp_tutorial.rst
5c7e38b69,advanced_source/transformer__timeseries_cpp_tutorial/CMakeLists.txt
5c7e38b69,advanced_source/transformer__timeseries_cpp_tutorial/scheduler.h
5c7e38b69,advanced_source/transformer__timeseries_cpp_tutorial/transformer_timeseries.cpp
84bf3e32e,prototype_source/ios_gpu_workflow.rst
84bf3e32e,recipes_source/fuse.rst
84bf3e32e,recipes_source/model_preparation_android.rst
84bf3e32e,recipes_source/model_preparation_ios.rst
84bf3e32e,recipes_source/ptmobile_recipes_summary.rst
84bf3e32e,recipes_source/quantization.rst
84bf3e32e,recipes_source/recipes_index.rst
84bf3e32e,recipes_source/script_optimized.rst
41f58c154,prototype_source/vmap_recipe.py
a299e79e4,prototype_source/README.txt
a299e79e4,prototype_source/vulkan_workflow.rst
33d9583dc,beginner_source/audio_preprocessing_tutorial.py
e96ab7839,beginner_source/audio_preprocessing_tutorial.py
ded4e8d1d,_templates/layout.html
2751bf30d,beginner_source/aws_distributed_training_tutorial.py
2751bf30d,index.rst
50555db77,beginner_source/saving_loading_models.py
3423f67c4,recipes_source/mobile_perf.rst
bd1dfa397,advanced_source/dispatcher.rst
3208184cf,intermediate_source/dynamic_quantization_bert_tutorial.rst
6973eb2e8,advanced_source/rpc_ddp_tutorial/main.py
6973eb2e8,intermediate_source/dist_pipeline_parallel_tutorial.rst
258f422fd,.jenkins/remove_runnable_code.py
96d42011d,recipes_source/recipes/tuning_guide.py
96d42011d,recipes_source/recipes_index.rst
468124c8d,beginner_source/dist_overview.rst
f1e682ea9,intermediate_source/model_parallel_tutorial.py
cba6b8505,_static/img/thumbnails/cropped/profile.png
cba6b8505,recipes_source/distributed_rpc_profiling.rst
cba6b8505,recipes_source/recipes_index.rst
ba6070e0b,beginner_source/transformer_tutorial.py
fe33b549f,_static/img/thumbnails/cropped/amp.png
fe33b549f,advanced_source/dispatcher.rst
fe33b549f,recipes_source/recipes/README.txt
fe33b549f,recipes_source/recipes/amp_recipe.py
fe33b549f,recipes_source/recipes_index.rst
ee5e4483a,recipes_source/recipes/defining_a_neural_network.py
4a7010175,beginner_source/nlp/pytorch_tutorial.py
ae17b15e3,_static/img/ray-tune.png
ae17b15e3,beginner_source/hyperparameter_tuning_tutorial.py
ae17b15e3,index.rst
ae17b15e3,requirements.txt
3191c0cbb,beginner_source/nlp/sequence_models_tutorial.py
e60c6af16,index.rst
1707a9022,index.rst
4bfe3380a,.circleci/config.yml
770abb205,.circleci/config.yml
b458ced83,recipes_source/recipes_index.rst
6ab3a3771,intermediate_source/model_parallel_tutorial.py
de2571faa,advanced_source/dispatcher.rst
fdbe99c17,beginner_source/data_loading_tutorial.py
fdbe99c17,beginner_source/dcgan_faces_tutorial.py
c61e49c76,intermediate_source/memory_format_tutorial.py
fa7cff744,recipes_source/recipes/what_is_state_dict.py
78e91c54d,recipes_source/recipes/defining_a_neural_network.py
df09dc895,index.rst
507a47399,.jenkins/build.sh
507a47399,requirements.txt
eb01560ea,.circleci/scripts/build_for_windows.sh
cca97f011,.circleci/config.yml
cca97f011,.circleci/scripts/build_for_windows.sh
cca97f011,.circleci/scripts/install_conda.bat
cca97f011,.circleci/scripts/windows_cuda_install.sh
bc9cac0a7,.circleci/config.yml
bc9cac0a7,.circleci/scripts/build_for_windows.sh
bc9cac0a7,.circleci/scripts/install_conda.bat
bc9cac0a7,.circleci/scripts/windows_cuda_install.sh
b97599af0,.circleci/config.yml
b97599af0,.circleci/scripts/build_for_windows.sh
b97599af0,.circleci/scripts/install_conda.bat
b97599af0,.circleci/scripts/windows_cuda_install.sh
0beaf014d,prototype_source/README.txt
703c478bb,Makefile
703c478bb,prototype_source/README.txt
703c478bb,prototype_source/graph_mode_static_quantization_tutorial.py
b6c28ef63,_static/img/compare_output.png
b6c28ef63,_static/img/compare_stub.png
b6c28ef63,_static/img/shadow.png
b6c28ef63,advanced_source/torch_script_custom_classes.rst
b6c28ef63,advanced_source/torch_script_custom_classes/custom_class_project/class.cpp
b6c28ef63,prototype_source/README.md
b6c28ef63,prototype_source/numeric_suite_tutorial.py
b6c28ef63,recipes_source/recipes_index.rst
1b5d762d7,_static/img/rpc-images/batch.png
1b5d762d7,_static/img/rpc_trace_img.png
1b5d762d7,_static/img/thumbnails/cropped/Combining-Distributed-DataParallel-with-Distributed-RPC-Framework.png
1b5d762d7,_static/img/thumbnails/cropped/Distributed-Pipeline-Parallelism-Using-RPC.png
1b5d762d7,_static/img/thumbnails/cropped/Implementing-Batch-RPC-Processing-Using-Asynchronous-Executions.png
1b5d762d7,_static/img/thumbnails/cropped/PyTorch-Distributed-Overview.png
1b5d762d7,_static/img/thumbnails/cropped/TorchScript-Parallelism.jpg
1b5d762d7,_static/img/thumbnails/cropped/android.png
1b5d762d7,_static/img/thumbnails/cropped/ios.png
1b5d762d7,_static/img/thumbnails/cropped/mobile.png
1b5d762d7,_static/img/thumbnails/cropped/profiler.png
1b5d762d7,_static/img/trace_img.png
1b5d762d7,advanced_source/rpc_ddp_tutorial.rst
1b5d762d7,advanced_source/rpc_ddp_tutorial/main.py
1b5d762d7,advanced_source/torch-script-parallelism.rst
1b5d762d7,beginner_source/dist_overview.rst
1b5d762d7,beginner_source/saving_loading_models.py
1b5d762d7,conf.py
1b5d762d7,index.rst
1b5d762d7,intermediate_source/ddp_tutorial.rst
1b5d762d7,intermediate_source/dist_pipeline_parallel_tutorial.rst
1b5d762d7,intermediate_source/dist_tuto.rst
1b5d762d7,intermediate_source/rpc_async_execution.rst
1b5d762d7,intermediate_source/rpc_param_server_tutorial.rst
1b5d762d7,intermediate_source/rpc_tutorial.rst
1b5d762d7,prototype_source/distributed_rpc_profiling.rst
1b5d762d7,prototype_source/graph_mode_dynamic_bert_tutorial.rst
1b5d762d7,prototype_source/torchscript_freezing.py
1b5d762d7,recipes_source/android_native_app_with_custom_op.rst
1b5d762d7,recipes_source/mobile_perf.rst
1b5d762d7,recipes_source/recipes/README.txt
1b5d762d7,recipes_source/recipes/profiler.py
1b5d762d7,recipes_source/recipes_index.rst
11569e0db,beginner_source/dcgan_faces_tutorial.py
afede4cf2,prototype_source/README.md
b6ffdb948,advanced_source/dispatcher.rst
b6ffdb948,advanced_source/dispatcher/CMakeLists.txt
b6ffdb948,advanced_source/dispatcher/op.cpp
b6ffdb948,advanced_source/dispatcher/test.py
b6ffdb948,index.rst
0075e3831,prototype_source/README.md
fa90381cd,prototype_source/README.txt
32e5407cf,advanced_source/torch_script_custom_classes.rst
32e5407cf,advanced_source/torch_script_custom_classes/custom_class_project/class.cpp
c6059ec98,.gitignore
c6059ec98,advanced_source/torch_script_custom_classes.rst
c6059ec98,advanced_source/torch_script_custom_classes/CMakeLists.txt
c6059ec98,advanced_source/torch_script_custom_classes/custom_class_project/CMakeLists.txt
c6059ec98,advanced_source/torch_script_custom_classes/custom_class_project/class.cpp
c6059ec98,advanced_source/torch_script_custom_classes/custom_class_project/custom_test.py
c6059ec98,advanced_source/torch_script_custom_classes/custom_class_project/export_attr.py
c6059ec98,advanced_source/torch_script_custom_classes/custom_class_project/save.py
c6059ec98,advanced_source/torch_script_custom_classes/infer.cpp
c6059ec98,advanced_source/torch_script_custom_classes/run.sh
c6059ec98,advanced_source/torch_script_custom_classes/run2.sh
c6059ec98,advanced_source/torch_script_custom_ops.rst
f90f77375,prototype_source/README.md
999a02977,advanced_source/torch_script_custom_ops.rst
3e32d228c,advanced_source/torch_script_custom_ops.rst
3e32d228c,advanced_source/torch_script_custom_ops/op.cpp
3e32d228c,advanced_source/torch_script_custom_ops/smoke_test.py
3e32d228c,advanced_source/torch_script_custom_ops/test.py
3740027fe,advanced_source/torch_script_custom_ops.rst
3740027fe,advanced_source/torch_script_custom_ops/CMakeLists.txt
3740027fe,advanced_source/torch_script_custom_ops/op.cpp
9b0635d5e,advanced_source/neural_style_tutorial.py
c83c23de9,nan
958aa33b7,intermediate_source/torchvision_tutorial.rst
67f76d325,README.md
d32aa04a5,README.md
23fb4c73f,nan
494d037fc,prototype_source/README.txt
fb779e1f7,.jenkins/build.sh
26511ccdb,conf.py
01fc1306d,.jenkins/build.sh
b6d1838fc,prototype_source/README.md
68c22a0ba,conf.py
0d48b724f,nan
9a7250d25,nan
43e3eb769,nan
740c3a6c3,Makefile
740c3a6c3,conf.py
b511d9573,.gitignore
8d32bae6e,nan
67032d771,nan
2651a2537,intermediate_source/dist_tuto.rst
45d02c713,intermediate_source/memory_format_tutorial.py
a9bd604fa,advanced_source/dynamic_quantization_tutorial.py
a9bd604fa,advanced_source/static_quantization_tutorial.py
a9bd604fa,index.rst
a9bd604fa,intermediate_source/dynamic_quantization_bert_tutorial.rst
a9bd604fa,intermediate_source/memory_format_tutorial.py
a9bd604fa,intermediate_source/named_tensor_tutorial.py
a9bd604fa,intermediate_source/quantized_transfer_learning_tutorial.rst
a9bd604fa,intermediate_source/rpc_tutorial.rst
a9bd604fa,recipes_source/recipes/dynamic_quantization.py
d40dc05d8,README.md
c45042cc0,README.md
f7d736060,README.md
c708c47aa,nan
1d6cf0605,nan
9dd369cd5,nan
4929b1042,Makefile
7e3845c87,Makefile
732a85904,index.rst
99d15ce2b,nan
a912b81e2,nan
9dbc8fce0,nan
3a8a60c54,beginner_source/examples_nn/two_layer_net_optim.py
5427598a8,src/pytorch-sphinx-theme
f149e1091,recipes_source/recipes_index.rst
f149e1091,src/pytorch-sphinx-theme
4cbbacd03,intermediate_source/char_rnn_classification_tutorial.py
4cbbacd03,intermediate_source/char_rnn_generation_tutorial.py
16045a5ba,recipes_source/recipes_index.rst
a413aa5b8,nan
a016771c9,nan
66e21e2f2,index.rst
66e21e2f2,recipes/index.rst
66e21e2f2,recipes/recipes/dynamic_quantization.ipynb
66e21e2f2,recipes/recipes/dynamic_quantization.py
66e21e2f2,recipes/recipes/dynamic_quantization.rst
66e21e2f2,recipes_source/recipes/dynamic_quantization.py
70cb8ac53,index.rst
2dfc6aa6e,index.rst
11fa3df63,nan
104a4f826,index.rst
827254a7f,.jenkins/build.sh
827254a7f,recipes/recipes_index.rst
827254a7f,recipes_source/deployment_with_flask.rst
827254a7f,recipes_source/recipes_index.rst
827254a7f,recipes_source/torchscript_inference.rst
ee2d4b413,.jenkins/build.sh
ee2d4b413,recipes_source/deployment_with_flask.rst
ee2d4b413,recipes_source/torchscript_inference.rst
bf2d71115,recipes/recipes/tensorboard_with_pytorch.ipynb
bf2d71115,recipes/recipes/tensorboard_with_pytorch.py
bf2d71115,recipes/recipes/tensorboard_with_pytorch.rst
bf2d71115,recipes_source/recipes/tensorboard_with_pytorch.py
d4cd58d54,nan
3434ad66f,index.rst
3434ad66f,recipes/recipes_index.rst
3434ad66f,recipes_source/recipes_index.rst
78d16dd09,index.rst
cd0740d86,index.rst
144b3f789,_static/img/thumbnails/cropped/experimental-Channels-Last-Memory-Format-in-PyTorch.png
144b3f789,index.rst
dcce05f17,index.rst
dcce05f17,recipes/deployment_with_flask.rst
dcce05f17,recipes/recipes/tensorboard_with_pytorch.ipynb
dcce05f17,recipes/recipes/tensorboard_with_pytorch.py
dcce05f17,recipes/recipes/tensorboard_with_pytorch.rst
dcce05f17,recipes/torchscript_inference.rst
dcce05f17,recipes_source/deployment_with_flask.rst
dcce05f17,recipes_source/torchscript_inference.rst
65f78a689,recipes/recipes/tensorboard_with_pytorch.ipynb
65f78a689,recipes/recipes/tensorboard_with_pytorch.py
65f78a689,recipes/recipes/tensorboard_with_pytorch.rst
65f78a689,recipes/recipes_index.rst
65f78a689,recipes_source/recipes/tensorboard_with_pytorch.py
65f78a689,recipes_source/recipes_index.rst
84673d62b,recipes/recipes/tensorboard_with_pytorch.ipynb
84673d62b,recipes/recipes/tensorboard_with_pytorch.py
84673d62b,recipes/recipes/tensorboard_with_pytorch.rst
84673d62b,recipes_source/recipes/tensorboard_with_pytorch.py
d577f664e,recipes/index.rst
d577f664e,recipes/recipes/tensorboard_with_pytorch.ipynb
d577f664e,recipes/recipes/tensorboard_with_pytorch.py
d577f664e,recipes/recipes/tensorboard_with_pytorch.rst
d577f664e,recipes_source/recipes/tensorboard_with_pytorch.py
eac0ae97a,recipes/recipes/defining_a_neural_network.ipynb
eac0ae97a,recipes/recipes/defining_a_neural_network.py
eac0ae97a,recipes/recipes/defining_a_neural_network.rst
eac0ae97a,recipes/recipes/loading_data_recipe.ipynb
eac0ae97a,recipes/recipes/loading_data_recipe.py
eac0ae97a,recipes/recipes/loading_data_recipe.rst
eac0ae97a,recipes/recipes/saving_and_loading_models_for_inference.ipynb
eac0ae97a,recipes/recipes/saving_and_loading_models_for_inference.py
eac0ae97a,recipes/recipes/saving_and_loading_models_for_inference.rst
eac0ae97a,recipes/recipes/warmstarting_model_using_parameters_from_a_different_model.ipynb
eac0ae97a,recipes/recipes/warmstarting_model_using_parameters_from_a_different_model.py
eac0ae97a,recipes/recipes/warmstarting_model_using_parameters_from_a_different_model.rst
eac0ae97a,recipes/recipes/what_is_state_dict.ipynb
eac0ae97a,recipes/recipes/what_is_state_dict.py
eac0ae97a,recipes/recipes/what_is_state_dict.rst
eac0ae97a,recipes/recipes/zeroing_out_gradients.ipynb
eac0ae97a,recipes/recipes/zeroing_out_gradients.py
eac0ae97a,recipes/recipes/zeroing_out_gradients.rst
eac0ae97a,recipes_source/recipes/defining_a_neural_network.py
eac0ae97a,recipes_source/recipes/loading_data_recipe.py
eac0ae97a,recipes_source/recipes/saving_and_loading_models_for_inference.py
eac0ae97a,recipes_source/recipes/warmstarting_model_using_parameters_from_a_different_model.py
eac0ae97a,recipes_source/recipes/what_is_state_dict.py
eac0ae97a,recipes_source/recipes/zeroing_out_gradients.py
61084b57d,recipes/recipes_index.rst
61084b57d,recipes_source/recipes_index.rst
91223205c,_static/img/thumbnails/cropped/what-is-a-state-dict.PNG
91223205c,_static/img/thumbnails/cropped/zeroing-out-gradients.PNG
c89fd4e57,_static/img/thumbnails/cropped/what-is-a-state-dict.PNG
c89fd4e57,_static/img/thumbnails/cropped/zeroing-out-gradients.PNG
fc2813bbc,_static/img/thumbnails/cropped/defining-a-network.PNG
fc2813bbc,_static/img/thumbnails/cropped/loading-data.PNG
fc2813bbc,_static/img/thumbnails/cropped/saving-and-loading-general-checkpoint.PNG
fc2813bbc,_static/img/thumbnails/cropped/saving-and-loading-models-across-devices.PNG
fc2813bbc,_static/img/thumbnails/cropped/saving-and-loading-models-for-inference.PNG
fc2813bbc,_static/img/thumbnails/cropped/saving-multiple-models.PNG
fc2813bbc,_static/img/thumbnails/cropped/warmstarting-models.PNG
2c4cf6580,nan
9406d3531,index.rst
9406d3531,recipes/recipes_index.rst
9406d3531,recipes_source/recipes_index.rst
08bd1b476,nan
46b394d39,_static/img/thumbnails/cropped/loading-data-in-pytorch.png
46b394d39,recipes_source/recipes_index.rst
935bace7b,_static/img/thumbnails/cropped/loading-data-in-pytorch.png
935bace7b,recipes/recipes_index.rst
935bace7b,recipes_source/recipes_index.rst
93884008f,src/pytorch_sphinx_theme-1
bf326bc97,_static/img/thumbnails/cropped/custom-datasets-transforms-and-dataloaders.png
bf326bc97,_static/img/thumbnails/cropped/model-interpretability-using-captum.png
bf326bc97,_static/img/thumbnails/cropped/torchscript_overview.png
bf326bc97,_static/img/thumbnails/cropped/using-dynamic-post-training-quantization.png
bf326bc97,_static/img/thumbnails/cropped/using-flask-create-restful-api.png
bf326bc97,index.rst
bf326bc97,recipes/recipes_index.rst
bf326bc97,recipes_source/recipes_index.rst
bf326bc97,src/pytorch-sphinx-theme
bf326bc97,src/pytorch_sphinx_theme-1
4c211c69c,_static/img/thumbnails/cropped/60-min-blitz.png
4c211c69c,_static/img/thumbnails/cropped/Adversarial-Example-Generation.png
4c211c69c,_static/img/thumbnails/cropped/Autograd-in-Cpp-Frontend.png
4c211c69c,_static/img/thumbnails/cropped/Custom-Cpp-and-CUDA-Extensions.png
4c211c69c,_static/img/thumbnails/cropped/DCGAN-Tutorial.png
4c211c69c,_static/img/thumbnails/cropped/Deploying-PyTorch-in-Python-via-a-REST-API-with-Flask.png
4c211c69c,_static/img/thumbnails/cropped/Extending-TorchScript-with-Custom-Cpp-Classes.png
4c211c69c,_static/img/thumbnails/cropped/Extending-TorchScript-with-Custom-Cpp-Operators.png
4c211c69c,_static/img/thumbnails/cropped/Getting
4c211c69c,Started
4c211c69c,with
4c211c69c,Distributed-RPC-Framework.png
4c211c69c,_static/img/thumbnails/cropped/Getting-Started-with
4c211c69c,Distributed
4c211c69c,RPC
4c211c69c,Framework.png
4c211c69c,_static/img/thumbnails/cropped/Getting-Started-with-Distributed-Data-Parallel.png
4c211c69c,_static/img/thumbnails/cropped/Getting-Started-with-Distributed-RPC-Framework.png
4c211c69c,_static/img/thumbnails/cropped/Implementing-a-Parameter-Server-Using-Distributed-RPC-Framework.png
4c211c69c,_static/img/thumbnails/cropped/Introduction-to-TorchScript.png
4c211c69c,_static/img/thumbnails/cropped/Language-Translation-with-TorchText.png
4c211c69c,_static/img/thumbnails/cropped/Loading-a-TorchScript-Model-in-Cpp.png
4c211c69c,_static/img/thumbnails/cropped/Model-Parallel-Best-Practices.png
4c211c69c,_static/img/thumbnails/cropped/NLP-From-Scratch-Classifying-Names-with-a-Character-Level-RNN.png
4c211c69c,_static/img/thumbnails/cropped/NLP-From-Scratch-Generating-Names-with-a-Character-Level-RNN.png
4c211c69c,_static/img/thumbnails/cropped/NLP-From-Scratch-Translation-with-a-Sequence-to-Sequence-Network-and-Attention.png
4c211c69c,_static/img/thumbnails/cropped/Pruning-Tutorial.png
4c211c69c,_static/img/thumbnails/cropped/Sequence-to-Sequence-Modeling-with-nnTransformer-andTorchText.png
4c211c69c,_static/img/thumbnails/cropped/Text-Classification-with-TorchText.png
4c211c69c,_static/img/thumbnails/cropped/TorchVision-Object-Detection-Finetuning-Tutorial.png
4c211c69c,_static/img/thumbnails/cropped/Transfer-Learning-for-Computer-Vision-Tutorial.png
4c211c69c,_static/img/thumbnails/cropped/Tutorials_Card_Template.psd
4c211c69c,_static/img/thumbnails/cropped/Using-the-PyTorch-Cpp-Frontend.png
4c211c69c,_static/img/thumbnails/cropped/Writing-Distributed-Applications-with-PyTorch.png
4c211c69c,_static/img/thumbnails/cropped/advanced-PyTorch-1point0-Distributed-Trainer-with-Amazon-AWS.png
4c211c69c,_static/img/thumbnails/cropped/experimental-Dynamic-Quantization-on-BERT.png
4c211c69c,_static/img/thumbnails/cropped/experimental-Dynamic-Quantization-on-an-LSTM-Word-Language-Model.png
4c211c69c,_static/img/thumbnails/cropped/experimental-Introduction-to-Named-Tensors-in-PyTorch.png
4c211c69c,_static/img/thumbnails/cropped/experimental-Quantized-Transfer-Learning-for-Computer-Vision-Tutorial.png
4c211c69c,_static/img/thumbnails/cropped/experimental-Static-Quantization-with-Eager-Mode-in-PyTorch.png
4c211c69c,_static/img/thumbnails/cropped/learning-pytorch-with-examples.png
4c211c69c,_static/img/thumbnails/cropped/optional-Exporting-a-Model-from-PyTorch-to-ONNX-and-Running-it-using-ONNX-Runtime.png
4c211c69c,_static/img/thumbnails/cropped/torch-nn.png
4c211c69c,_static/img/thumbnails/cropped/torchaudio-Tutorial.png
4c211c69c,_static/img/thumbnails/cropped/visualizing-with-tensorboard.png
4c211c69c,index.rst
4c211c69c,recipes/index.rst
4c211c69c,recipes/recipes/Captum_Recipe.ipynb
4c211c69c,recipes/recipes/Captum_Recipe.py
4c211c69c,recipes/recipes/Captum_Recipe.rst
4c211c69c,recipes/recipes/custom_dataset_transforms_loader.ipynb
4c211c69c,recipes/recipes/custom_dataset_transforms_loader.py
4c211c69c,recipes/recipes/custom_dataset_transforms_loader.rst
4c211c69c,recipes/recipes/defining_a_neural_network.ipynb
4c211c69c,recipes/recipes/defining_a_neural_network.py
4c211c69c,recipes/recipes/defining_a_neural_network.rst
4c211c69c,recipes/recipes/dynamic_quantization.ipynb
4c211c69c,recipes/recipes/dynamic_quantization.py
4c211c69c,recipes/recipes/dynamic_quantization.rst
4c211c69c,recipes/recipes/images/thumb/sphx_glr_Captum_Recipe_thumb.png
4c211c69c,recipes/recipes/images/thumb/sphx_glr_custom_dataset_transforms_loader_thumb.png
4c211c69c,recipes/recipes/images/thumb/sphx_glr_defining_a_neural_network_thumb.png
4c211c69c,recipes/recipes/images/thumb/sphx_glr_dynamic_quantization_thumb.png
4c211c69c,recipes/recipes/images/thumb/sphx_glr_loading_data_recipe_thumb.png
4c211c69c,recipes/recipes/images/thumb/sphx_glr_save_load_across_devices_thumb.png
4c211c69c,recipes/recipes/images/thumb/sphx_glr_saving_and_loading_a_general_checkpoint_thumb.png
4c211c69c,recipes/recipes/images/thumb/sphx_glr_saving_and_loading_models_for_inference_thumb.png
4c211c69c,recipes/recipes/images/thumb/sphx_glr_saving_multiple_models_in_one_file_thumb.png
4c211c69c,recipes/recipes/images/thumb/sphx_glr_tensorboard_with_pytorch_thumb.png
4c211c69c,recipes/recipes/images/thumb/sphx_glr_warmstarting_model_using_parameters_from_a_different_model_thumb.png
4c211c69c,recipes/recipes/images/thumb/sphx_glr_what_is_state_dict_thumb.png
4c211c69c,recipes/recipes/images/thumb/sphx_glr_zeroing_out_gradients_thumb.png
4c211c69c,recipes/recipes/loading_data_recipe.ipynb
4c211c69c,recipes/recipes/loading_data_recipe.py
4c211c69c,recipes/recipes/loading_data_recipe.rst
4c211c69c,recipes/recipes/save_load_across_devices.ipynb
4c211c69c,recipes/recipes/save_load_across_devices.py
4c211c69c,recipes/recipes/save_load_across_devices.rst
4c211c69c,recipes/recipes/saving_and_loading_a_general_checkpoint.ipynb
4c211c69c,recipes/recipes/saving_and_loading_a_general_checkpoint.py
4c211c69c,recipes/recipes/saving_and_loading_a_general_checkpoint.rst
4c211c69c,recipes/recipes/saving_and_loading_models_for_inference.ipynb
4c211c69c,recipes/recipes/saving_and_loading_models_for_inference.py
4c211c69c,recipes/recipes/saving_and_loading_models_for_inference.rst
4c211c69c,recipes/recipes/saving_multiple_models_in_one_file.ipynb
4c211c69c,recipes/recipes/saving_multiple_models_in_one_file.py
4c211c69c,recipes/recipes/saving_multiple_models_in_one_file.rst
4c211c69c,recipes/recipes/tensorboard_with_pytorch.ipynb
4c211c69c,recipes/recipes/tensorboard_with_pytorch.py
4c211c69c,recipes/recipes/tensorboard_with_pytorch.rst
4c211c69c,recipes/recipes/warmstarting_model_using_parameters_from_a_different_model.ipynb
4c211c69c,recipes/recipes/warmstarting_model_using_parameters_from_a_different_model.py
4c211c69c,recipes/recipes/warmstarting_model_using_parameters_from_a_different_model.rst
4c211c69c,recipes/recipes/what_is_state_dict.ipynb
4c211c69c,recipes/recipes/what_is_state_dict.py
4c211c69c,recipes/recipes/what_is_state_dict.rst
4c211c69c,recipes/recipes/zeroing_out_gradients.ipynb
4c211c69c,recipes/recipes/zeroing_out_gradients.py
4c211c69c,recipes/recipes/zeroing_out_gradients.rst
4c211c69c,recipes/recipes_index.rst
f557ee0ad,nan
5ca59d7ef,intermediate_source/ddp_tutorial.rst
e765195ad,recipes_source/recipes_index.rst
c5efa6d3f,_static/img/thumbnails/defining_a_network.png
2a3444c88,recipes_source/recipes_index.rst
2b3408542,recipes_source/recipes_index.rst
0fa764643,recipes_source/recipes/recipes_index.rst
680b1f906,recipes_source/recipes_index.rst
2d0c48443,recipes_source/recipes_index.rst
0e944afaf,nan
4bb2eb6c0,nan
0d8b33087,nan
4cdea893e,recipes/index.rst
4cdea893e,recipes/recipes/Captum_Recipe.ipynb
4cdea893e,recipes/recipes/Captum_Recipe.py
4cdea893e,recipes/recipes/Captum_Recipe.rst
4cdea893e,recipes/recipes/custom_dataset_transforms_loader.ipynb
4cdea893e,recipes/recipes/custom_dataset_transforms_loader.py
4cdea893e,recipes/recipes/custom_dataset_transforms_loader.rst
4cdea893e,recipes/recipes/defining_a_neural_network.ipynb
4cdea893e,recipes/recipes/defining_a_neural_network.py
4cdea893e,recipes/recipes/defining_a_neural_network.rst
4cdea893e,recipes/recipes/dynamic_quantization.ipynb
4cdea893e,recipes/recipes/dynamic_quantization.py
4cdea893e,recipes/recipes/dynamic_quantization.rst
4cdea893e,recipes/recipes/images/thumb/sphx_glr_Captum_Recipe_thumb.png
4cdea893e,recipes/recipes/images/thumb/sphx_glr_custom_dataset_transforms_loader_thumb.png
4cdea893e,recipes/recipes/images/thumb/sphx_glr_defining_a_neural_network_thumb.png
4cdea893e,recipes/recipes/images/thumb/sphx_glr_dynamic_quantization_thumb.png
4cdea893e,recipes/recipes/images/thumb/sphx_glr_loading_data_recipe_thumb.png
4cdea893e,recipes/recipes/images/thumb/sphx_glr_save_load_across_devices_thumb.png
4cdea893e,recipes/recipes/images/thumb/sphx_glr_saving_and_loading_a_general_checkpoint_thumb.png
4cdea893e,recipes/recipes/images/thumb/sphx_glr_saving_and_loading_models_for_inference_thumb.png
4cdea893e,recipes/recipes/images/thumb/sphx_glr_saving_multiple_models_in_one_file_thumb.png
4cdea893e,recipes/recipes/images/thumb/sphx_glr_warmstarting_model_using_parameters_from_a_different_model_thumb.png
4cdea893e,recipes/recipes/images/thumb/sphx_glr_what_is_state_dict_thumb.png
4cdea893e,recipes/recipes/images/thumb/sphx_glr_zeroing_out_gradients_thumb.png
4cdea893e,recipes/recipes/loading_data_recipe.ipynb
4cdea893e,recipes/recipes/loading_data_recipe.py
4cdea893e,recipes/recipes/loading_data_recipe.rst
4cdea893e,recipes/recipes/save_load_across_devices.ipynb
4cdea893e,recipes/recipes/save_load_across_devices.py
4cdea893e,recipes/recipes/save_load_across_devices.rst
4cdea893e,recipes/recipes/saving_and_loading_a_general_checkpoint.ipynb
4cdea893e,recipes/recipes/saving_and_loading_a_general_checkpoint.py
4cdea893e,recipes/recipes/saving_and_loading_a_general_checkpoint.rst
4cdea893e,recipes/recipes/saving_and_loading_models_for_inference.ipynb
4cdea893e,recipes/recipes/saving_and_loading_models_for_inference.py
4cdea893e,recipes/recipes/saving_and_loading_models_for_inference.rst
4cdea893e,recipes/recipes/saving_multiple_models_in_one_file.ipynb
4cdea893e,recipes/recipes/saving_multiple_models_in_one_file.py
4cdea893e,recipes/recipes/saving_multiple_models_in_one_file.rst
4cdea893e,recipes/recipes/warmstarting_model_using_parameters_from_a_different_model.ipynb
4cdea893e,recipes/recipes/warmstarting_model_using_parameters_from_a_different_model.py
4cdea893e,recipes/recipes/warmstarting_model_using_parameters_from_a_different_model.rst
4cdea893e,recipes/recipes/what_is_state_dict.ipynb
4cdea893e,recipes/recipes/what_is_state_dict.py
4cdea893e,recipes/recipes/what_is_state_dict.rst
4cdea893e,recipes/recipes/zeroing_out_gradients.ipynb
4cdea893e,recipes/recipes/zeroing_out_gradients.py
4cdea893e,recipes/recipes/zeroing_out_gradients.rst
4cdea893e,recipes/recipes_index.rst
784debde0,recipes/index.rst
784debde0,recipes/recipes/Captum_Recipe.ipynb
784debde0,recipes/recipes/Captum_Recipe.py
784debde0,recipes/recipes/Captum_Recipe.rst
784debde0,recipes/recipes/custom_dataset_transforms_loader.ipynb
784debde0,recipes/recipes/custom_dataset_transforms_loader.py
784debde0,recipes/recipes/custom_dataset_transforms_loader.rst
784debde0,recipes/recipes/defining_a_neural_network.ipynb
784debde0,recipes/recipes/defining_a_neural_network.py
784debde0,recipes/recipes/defining_a_neural_network.rst
784debde0,recipes/recipes/dynamic_quantization.ipynb
784debde0,recipes/recipes/dynamic_quantization.py
784debde0,recipes/recipes/dynamic_quantization.rst
784debde0,recipes/recipes/images/thumb/sphx_glr_Captum_Recipe_thumb.png
784debde0,recipes/recipes/images/thumb/sphx_glr_custom_dataset_transforms_loader_thumb.png
784debde0,recipes/recipes/images/thumb/sphx_glr_defining_a_neural_network_thumb.png
784debde0,recipes/recipes/images/thumb/sphx_glr_dynamic_quantization_thumb.png
784debde0,recipes/recipes/images/thumb/sphx_glr_loading_data_recipe_thumb.png
784debde0,recipes/recipes/images/thumb/sphx_glr_save_load_across_devices_thumb.png
784debde0,recipes/recipes/images/thumb/sphx_glr_saving_and_loading_a_general_checkpoint_thumb.png
784debde0,recipes/recipes/images/thumb/sphx_glr_saving_and_loading_models_for_inference_thumb.png
784debde0,recipes/recipes/images/thumb/sphx_glr_saving_multiple_models_in_one_file_thumb.png
784debde0,recipes/recipes/images/thumb/sphx_glr_warmstarting_model_using_parameters_from_a_different_model_thumb.png
784debde0,recipes/recipes/images/thumb/sphx_glr_what_is_state_dict_thumb.png
784debde0,recipes/recipes/images/thumb/sphx_glr_zeroing_out_gradients_thumb.png
784debde0,recipes/recipes/loading_data_recipe.ipynb
784debde0,recipes/recipes/loading_data_recipe.py
784debde0,recipes/recipes/loading_data_recipe.rst
784debde0,recipes/recipes/save_load_across_devices.ipynb
784debde0,recipes/recipes/save_load_across_devices.py
784debde0,recipes/recipes/save_load_across_devices.rst
784debde0,recipes/recipes/saving_and_loading_a_general_checkpoint.ipynb
784debde0,recipes/recipes/saving_and_loading_a_general_checkpoint.py
784debde0,recipes/recipes/saving_and_loading_a_general_checkpoint.rst
784debde0,recipes/recipes/saving_and_loading_models_for_inference.ipynb
784debde0,recipes/recipes/saving_and_loading_models_for_inference.py
784debde0,recipes/recipes/saving_and_loading_models_for_inference.rst
784debde0,recipes/recipes/saving_multiple_models_in_one_file.ipynb
784debde0,recipes/recipes/saving_multiple_models_in_one_file.py
784debde0,recipes/recipes/saving_multiple_models_in_one_file.rst
784debde0,recipes/recipes/warmstarting_model_using_parameters_from_a_different_model.ipynb
784debde0,recipes/recipes/warmstarting_model_using_parameters_from_a_different_model.py
784debde0,recipes/recipes/warmstarting_model_using_parameters_from_a_different_model.rst
784debde0,recipes/recipes/what_is_state_dict.ipynb
784debde0,recipes/recipes/what_is_state_dict.py
784debde0,recipes/recipes/what_is_state_dict.rst
784debde0,recipes/recipes/zeroing_out_gradients.ipynb
784debde0,recipes/recipes/zeroing_out_gradients.py
784debde0,recipes/recipes/zeroing_out_gradients.rst
784debde0,recipes/recipes_index.rst
784debde0,recipes_source/recipes/deployment_with_flask.rst
784debde0,recipes_source/recipes/recipes_index.rst
784debde0,recipes_source/recipes/torchscript_inference.rst
ec813ce9d,nan
b5c1b9012,nan
73d5e807b,_static/img/thumbnails/custom_dataset.png
04df8d535,_static/img/thumbnails/custom_dataset.png
420275cef,_static/img/thumbnails/custom_dataset.png
057b95719,nan
cab24dc06,nan
10de8a9ff,nan
3fd567f41,nan
d538ccaa5,_static/img/thumbnails/tensorboard_dev.png
d538ccaa5,_static/img/thumbnails/tensorboard_scalars.png
d538ccaa5,recipes_source/recipes/tensorboard_with_pytorch.py
d538ccaa5,recipes_source/recipes_index.rst
7a4471f5f,_static/img/thumbnails/pixelated-cat.png
7a4471f5f,recipes_source/recipes/recipes_index.rst
7e74f516e,nan
002278b2b,nan
8f7825481,.circleci/config.yml
fe2a799a7,.jenkins/build.sh
5cd2923f8,.jenkins/build.sh
2a7db76c0,.jenkins/build.sh
dc723cc9d,beginner_source/audio_preprocessing_tutorial.py
c4e4f62a1,README.md
c403da76f,nan
2efdc8e23,nan
9bc982a46,nan
0d3e60c97,intermediate_source/memory_format_tutorial.py
5bf88b37f,_static/img/channels_last_memory_format.png
5bf88b37f,_static/img/classic_memory_format.png
5bf88b37f,_static/img/memory_format_logo.png
5bf88b37f,index.rst
5bf88b37f,intermediate_source/memory_format_tutorial.py
f20808550,nan
7ace343a3,recipes_source/recipes/README.txt
489334d62,nan
92a6daa66,recipes_source/recipes_index.rst
7e4118660,nan
7c2df227f,recipes_source/README.txt
fe7235a83,recipes_source/recipes/README.txt
d104710dd,nan
750722382,index.rst
750722382,recipes/index.rst
750722382,recipes/recipes/Captum_Recipe.ipynb
750722382,recipes/recipes/Captum_Recipe.py
750722382,recipes/recipes/Captum_Recipe.rst
750722382,recipes/recipes/custom_dataset_transforms_loader.ipynb
750722382,recipes/recipes/custom_dataset_transforms_loader.py
750722382,recipes/recipes/custom_dataset_transforms_loader.rst
750722382,recipes/recipes/defining_a_neural_network.ipynb
750722382,recipes/recipes/defining_a_neural_network.py
750722382,recipes/recipes/defining_a_neural_network.rst
750722382,recipes/recipes/images/thumb/sphx_glr_Captum_Recipe_thumb.png
750722382,recipes/recipes/images/thumb/sphx_glr_custom_dataset_transforms_loader_thumb.png
750722382,recipes/recipes/images/thumb/sphx_glr_defining_a_neural_network_thumb.png
750722382,recipes/recipes/images/thumb/sphx_glr_loading_data_recipe_thumb.png
750722382,recipes/recipes/images/thumb/sphx_glr_save_load_across_devices_thumb.png
750722382,recipes/recipes/images/thumb/sphx_glr_saving_and_loading_a_general_checkpoint_thumb.png
750722382,recipes/recipes/images/thumb/sphx_glr_saving_and_loading_models_for_inference_thumb.png
750722382,recipes/recipes/images/thumb/sphx_glr_saving_multiple_models_in_one_file_thumb.png
750722382,recipes/recipes/images/thumb/sphx_glr_warmstarting_model_using_parameters_from_a_different_model_thumb.png
750722382,recipes/recipes/images/thumb/sphx_glr_what_is_state_dict_thumb.png
750722382,recipes/recipes/images/thumb/sphx_glr_zeroing_out_gradients_thumb.png
750722382,recipes/recipes/loading_data_recipe.ipynb
750722382,recipes/recipes/loading_data_recipe.py
750722382,recipes/recipes/loading_data_recipe.rst
750722382,recipes/recipes/save_load_across_devices.ipynb
750722382,recipes/recipes/save_load_across_devices.py
750722382,recipes/recipes/save_load_across_devices.rst
750722382,recipes/recipes/saving_and_loading_a_general_checkpoint.ipynb
750722382,recipes/recipes/saving_and_loading_a_general_checkpoint.py
750722382,recipes/recipes/saving_and_loading_a_general_checkpoint.rst
750722382,recipes/recipes/saving_and_loading_models_for_inference.ipynb
750722382,recipes/recipes/saving_and_loading_models_for_inference.py
750722382,recipes/recipes/saving_and_loading_models_for_inference.rst
750722382,recipes/recipes/saving_multiple_models_in_one_file.ipynb
750722382,recipes/recipes/saving_multiple_models_in_one_file.py
750722382,recipes/recipes/saving_multiple_models_in_one_file.rst
750722382,recipes/recipes/warmstarting_model_using_parameters_from_a_different_model.ipynb
750722382,recipes/recipes/warmstarting_model_using_parameters_from_a_different_model.py
750722382,recipes/recipes/warmstarting_model_using_parameters_from_a_different_model.rst
750722382,recipes/recipes/what_is_state_dict.ipynb
750722382,recipes/recipes/what_is_state_dict.py
750722382,recipes/recipes/what_is_state_dict.rst
750722382,recipes/recipes/zeroing_out_gradients.ipynb
750722382,recipes/recipes/zeroing_out_gradients.py
750722382,recipes/recipes/zeroing_out_gradients.rst
750722382,recipes/recipes_index.rst
750722382,recipes_source/recipes/README.txt
750722382,recipes_source/recipes/loading_data_recipe.py
750722382,recipes_source/recipes/save_load_across_devices.py
750722382,recipes_source/recipes/saving_and_loading_a_general_checkpoint.py
750722382,recipes_source/recipes/saving_and_loading_models_for_inference.py
750722382,recipes_source/recipes/saving_multiple_models_in_one_file.py
750722382,recipes_source/recipes/warmstarting_model_using_parameters_from_a_different_model.py
750722382,recipes_source/recipes/zeroing_out_gradients.py
750722382,recipes_source/recipes_index.rst
7fdea61f5,_static/img/thumbnails/captum_teaser.png
5cc89d8c5,nan
a08767354,nan
93c074162,index.rst
f256d127f,nan
94dbf6d55,recipes_source/recipes/recipes_index.rst
a9ed7930f,nan
67e60a6ac,recipes_source/recipes/README.txt
21543b2e4,recipes/defining_a_neural_network.ipynb
21543b2e4,recipes/defining_a_neural_network.py
21543b2e4,recipes/defining_a_neural_network.rst
21543b2e4,recipes/images/thumb/sphx_glr_defining_a_neural_network_thumb.png
21543b2e4,recipes/images/thumb/sphx_glr_loading_data_recipe_thumb.png
21543b2e4,recipes/images/thumb/sphx_glr_what_is_state_dict_thumb.png
21543b2e4,recipes/index.rst
21543b2e4,recipes/loading_data_recipe.ipynb
21543b2e4,recipes/loading_data_recipe.py
21543b2e4,recipes/loading_data_recipe.rst
21543b2e4,recipes/recipes_index.rst
21543b2e4,recipes/what_is_state_dict.ipynb
21543b2e4,recipes/what_is_state_dict.py
21543b2e4,recipes/what_is_state_dict.rst
9bd9069b8,index.rst
9bd9069b8,recipes/defining_a_neural_network.ipynb
9bd9069b8,recipes/defining_a_neural_network.py
9bd9069b8,recipes/defining_a_neural_network.rst
9bd9069b8,recipes/images/thumb/sphx_glr_defining_a_neural_network_thumb.png
9bd9069b8,recipes/images/thumb/sphx_glr_loading_data_recipe_thumb.png
9bd9069b8,recipes/images/thumb/sphx_glr_what_is_state_dict_thumb.png
9bd9069b8,recipes/index.rst
9bd9069b8,recipes/loading_data_recipe.ipynb
9bd9069b8,recipes/loading_data_recipe.py
9bd9069b8,recipes/loading_data_recipe.rst
9bd9069b8,recipes/recipes_index.rst
9bd9069b8,recipes/what_is_state_dict.ipynb
9bd9069b8,recipes/what_is_state_dict.py
9bd9069b8,recipes/what_is_state_dict.rst
9bd9069b8,recipes_source/recipes/defining_a_neural_network.py
9bd9069b8,recipes_source/recipes/index.rst
9bd9069b8,recipes_source/recipes/loading_data_recipe.py
9bd9069b8,recipes_source/recipes/what_is_state_dict.py
9bd9069b8,recipes_source/recipes_index.rst
375218561,recipes_source/recipes/index.rst
bee7cecd8,nan
ce36aafc4,index.rst
a70ab595f,recipes_source/README.txt
6defc2cd1,recipes_source/recipes/README.txt
6defc2cd1,recipes_source/recipes/recipes_index.rst
f03390958,Makefile
f03390958,recipes_source/recipes/index.rst
05c879031,recipes_source/recipes/dynamic_quantization.py
05c879031,recipes_source/recipes/index.rst
192bb7b07,recipes_source/recipes_index.rst
d5d79fb26,nan
8bc192636,index.rst
c6a4a170d,recipes_source/recipes_index.rst
d028ca099,recipes_source/recipes/Captum_Recipe.py
5d1149b78,nan
7a1634d79,nan
fe23c8c6d,nan
8040da8ef,nan
499bfed4a,index.rst
1bf1f4624,nan
d7ed987be,conf.py
5e49bebfe,index.rst
ef8a9447d,custom_directives.py
3939fa84b,conf.py
0a45dccad,nan
190d727ad,nan
9d270b940,nan
a140d9a92,nan
b59fd6f57,beginner_source/data_loading_tutorial.py
4d6bb932a,index.rst
cf02900e0,nan
02b4bfd24,recipes/Warmstarting_model_using_parameters_from_a_different_model_in_PyTorch.ipynb
02b4bfd24,recipes/Warmstarting_model_using_parameters_from_a_different_model_in_PyTorch.py
02b4bfd24,recipes/Warmstarting_model_using_parameters_from_a_different_model_in_PyTorch.rst
02b4bfd24,recipes/custom_dataset_transforms_loader.ipynb
02b4bfd24,recipes/custom_dataset_transforms_loader.py
02b4bfd24,recipes/custom_dataset_transforms_loader.rst
02b4bfd24,recipes/images/thumb/sphx_glr_Warmstarting_model_using_parameters_from_a_different_model_in_PyTorch_thumb.png
02b4bfd24,recipes/images/thumb/sphx_glr_custom_dataset_transforms_loader_thumb.png
02b4bfd24,recipes/images/thumb/sphx_glr_loading_data_recipe_thumb.png
02b4bfd24,recipes/index.rst
02b4bfd24,recipes/loading_data_recipe.ipynb
02b4bfd24,recipes/loading_data_recipe.py
02b4bfd24,recipes/loading_data_recipe.rst
1419f1853,index.rst
1419f1853,recipes/custom_dataset_transforms_loader.ipynb
1419f1853,recipes/custom_dataset_transforms_loader.py
1419f1853,recipes/custom_dataset_transforms_loader.rst
1419f1853,recipes/images/thumb/sphx_glr_custom_dataset_transforms_loader_thumb.png
1419f1853,recipes/index.rst
1419f1853,recipes_source/Warmstarting_model_using_parameters_from_a_different_model_in_PyTorch.ipynb
1419f1853,recipes_source/Warmstarting_model_using_parameters_from_a_different_model_in_PyTorch.py
1419f1853,recipes_source/loading_data_recipe.py
1419f1853,recipes_source/recipes/custom_dataset_transforms_loader.py
1419f1853,recipes_source/recipes/index.rst
e3f75db5e,beginner_source/data_loading_tutorial.py
e3f75db5e,index.rst
e3f75db5e,recipes/Warmstarting_model_using_parameters_from_a_different_model_in_PyTorch.ipynb
e3f75db5e,recipes/Warmstarting_model_using_parameters_from_a_different_model_in_PyTorch.py
e3f75db5e,recipes/Warmstarting_model_using_parameters_from_a_different_model_in_PyTorch.rst
e3f75db5e,recipes/images/thumb/sphx_glr_Warmstarting_model_using_parameters_from_a_different_model_in_PyTorch_thumb.png
e3f75db5e,recipes/images/thumb/sphx_glr_loading_data_recipe_thumb.png
e3f75db5e,recipes/index.rst
e3f75db5e,recipes/loading_data_recipe.ipynb
e3f75db5e,recipes/loading_data_recipe.py
e3f75db5e,recipes/loading_data_recipe.rst
e3f75db5e,recipes_source/Warmstarting_model_using_parameters_from_a_different_model_in_PyTorch.ipynb
e3f75db5e,recipes_source/Warmstarting_model_using_parameters_from_a_different_model_in_PyTorch.py
e3f75db5e,recipes_source/loading_data_recipe.py
e3f75db5e,recipes_source/recipes/index.rst
00ee94e8a,nan
a202e8862,intermediate_source/rpc_param_server_tutorial.rst
f37f658f4,intermediate_source/rpc_param_server_tutorial.rst
97601282f,index.rst
19ca681bd,nan
0c5d44375,nan
4e75ae7de,intermediate_source/rpc_param_server_tutorial.rst
31e95ca7c,index.rst
710eb2c15,nan
9e5d67daa,nan
1e257bed9,index.rst
214b28c42,nan
513b8a596,nan
d3af39e81,index.rst
d3af39e81,recipes/index.rst
d3af39e81,src/pytorch-sphinx-theme
23af056a7,nan
2020d45e1,recipes_source/README.txt
27d5454f8,.jenkins/build.sh
27d5454f8,conf.py
dd3c73117,nan
85c2a6e50,advanced_source/cpp_autograd.rst
c6c8e21b9,intermediate_source/rpc_param_server_tutorial.rst
838564b0c,advanced_source/cpp_autograd.rst
e07fa0618,advanced_source/cpp_autograd.rst
df6eb66e3,advanced_source/cpp_autograd.rst
b86a425da,intermediate_source/rpc_param_server_tutorial.rst
cf844b712,advanced_source/cpp_autograd.rst
cf844b712,index.rst
8ac4017d0,intermediate_source/torchvision_tutorial.rst
36ea6fcfa,nan
4e888ca03,advanced_source/torch_script_custom_classes.rst
d7a19a934,nan
9b2c8f634,intermediate_source/rpc_tutorial.rst
d225e64e9,nan
6c8679a62,nan
cf3251fe9,nan
71df8b22f,nan
35f96d6d1,nan
2f95026e3,advanced_source/torch_script_custom_classes.rst
537faf2a3,index.rst
cb9c0259f,README.md
83e446a87,beginner_source/deep_learning_60min_blitz.rst
83e446a87,index.rst
fa3f1a552,nan
082f63157,intermediate_source/rpc_tutorial.rst
c8591e788,nan
0912b9d9f,advanced_source/torch_script_custom_classes.rst
2ea3972b3,nan
d7c594776,nan
0ce2b9f50,advanced_source/torch_script_custom_classes.rst
8427cae6d,nan
f9d50b7ef,advanced_source/neural_style_tutorial.py
7ba669330,README.md
1d654537f,README.md
af5bf5041,beginner_source/nlp/pytorch_tutorial.py
93ed7afc4,nan
f4f5aca1d,beginner_source/aws_distributed_training_tutorial.py
b440a382f,nan
64fe9ec16,index.rst
2141df193,_static/img/pruning.png
2141df193,index.rst
ad3493bfd,nan
261d09385,nan
67d5f4fcd,nan
7fe584428,_templates/layout.html
e8055d7ea,nan
3ba8a45f9,nan
a8035e7b0,nan
0d9c7ded8,beginner_source/data_loading_tutorial.py
57497289a,beginner_source/transfer_learning_tutorial.py
3159db06d,beginner_source/transfer_learning_tutorial.py
48e5cccec,beginner_source/transfer_learning_tutorial.py
01eebdacb,beginner_source/transfer_learning_tutorial.py
27f4f75aa,nan
a167ca827,nan
8cd884f67,advanced_source/torch_script_custom_classes.rst
967d22b93,intermediate_source/reinforcement_q_learning.py
8743bd8a0,advanced_source/torch_script_custom_classes.rst
e0ebe0d8f,advanced_source/torch_script_custom_classes.rst
2856572ff,advanced_source/torch_script_custom_classes.rst
d9917f005,advanced_source/torch_script_custom_classes.rst
77a60c3ac,advanced_source/torch_script_custom_classes.rst
77a60c3ac,index.rst
f54174f7b,nan
8244bffa5,nan
fe6080f46,nan
212c55b47,nan
851bd9b5f,nan
cb51fead3,advanced_source/cpp_frontend.rst
0dc37b54d,nan
e08a480bd,nan
16e539267,beginner_source/audio_preprocessing_tutorial.py
9cdb8409c,nan
0532a1eca,nan
a3601b461,nan
cae5d8a23,intermediate_source/rpc_tutorial.rst
3abe39d3f,nan
15a5fa765,intermediate_source/rpc_tutorial.rst
c08189898,intermediate_source/rpc_tutorial.rst
20237704c,nan
f98683bec,nan
0ea78fbe7,intermediate_source/rpc_tutorial.rst
dac66c7b3,intermediate_source/rpc_tutorial.rst
70ea29e99,advanced_source/cpp_export.rst
70ea29e99,beginner_source/deploy_seq2seq_hybrid_frontend_tutorial.py
b4d26af13,nan
08acbc3be,intermediate_source/rpc_tutorial.rst
6c7d59758,intermediate_source/model_parallel_tutorial.py
6c7d59758,intermediate_source/rpc_tutorial.rst
6a62f96e5,intermediate_source/model_parallel_tutorial.py
6a62f96e5,intermediate_source/rpc_tutorial.rst
da2fe00a8,nan
c66913a69,intermediate_source/rpc_tutorial.rst
2d8032d03,nan
bc3606578,nan
2a5725672,intermediate_source/rpc_tutorial.rst
bee221942,.circleci/config.yml
18a0e0eb7,.circleci/config.yml
110920f7c,intermediate_source/rpc_tutorial.rst
755bd2fa8,intermediate_source/rpc_tutorial.rst
62f6fd2cc,intermediate_source/rpc_tutorial.rst
e3514ee29,.circleci/config.yml
68031d7a2,.circleci/config.yml
94753f52f,.circleci/config.yml
11876d8b3,.circleci/config.yml
30ca017a5,nan
0434f834b,.circleci/config.yml
16e8be26e,.circleci/config.yml
eca84ca77,.circleci/config.yml
3472ee2de,nan
2ac179473,intermediate_source/rpc_tutorial.rst
6b1d31049,intermediate_source/rpc_tutorial.rst
0720795fd,.circleci/config.yml
bc0e315f1,advanced_source/cpp_export.rst
bc0e315f1,advanced_source/cpp_frontend.rst
d5df20a5b,intermediate_source/torchvision_tutorial.rst
7c0b10ec1,intermediate_source/rpc_tutorial.rst
129259752,intermediate_source/rpc_tutorial.rst
494f02f1c,index.rst
494f02f1c,intermediate_source/rpc_tutorial.rst
b4e9f214a,index.rst
b4e9f214a,intermediate_source/rpc_tutorial.rst
88b6d4531,intermediate_source/torchvision_tutorial.rst
676c17d8e,intermediate_source/torchvision_tutorial.rst
60443862d,intermediate_source/torchvision_tutorial.rst
c87836d45,nan
1d11de081,.gitignore
1d11de081,Makefile
1d11de081,conf.py
8ac30a947,tmp.txt
784c303c9,tmp.txt
6252688f7,nan
22f7fa403,intermediate_source/dynamic_quantization_bert_tutorial.rst
a8eab2d48,nan
a5e67d3e5,intermediate_source/dynamic_quantization_bert_tutorial.rst
b76857152,intermediate_source/dynamic_quantization_bert_tutorial.rst
44f263cce,intermediate_source/dynamic_quantization_bert_tutorial.rst
326fc7ef3,intermediate_source/quantized_transfer_learning_tutorial.rst
3f3cd7c88,intermediate_source/dynamic_quantization_bert_tutorial.rst
37a65b612,intermediate_source/dynamic_quantization_bert_tutorial.rst
1b14d8083,intermediate_source/quantized_transfer_learning_tutorial.rst
22774f921,beginner_source/transfer_learning_tutorial.py
03b751405,Makefile
49099198d,intermediate_source/quantized_transfer_learning_tutorial.rst
638bd55e5,intermediate_source/quantized_transfer_learning_tutorial.py
6da7cfa55,intermediate_source/dynamic_quantization_bert_tutorial.py
3f20dd11e,intermediate_source/dynamic_quantization_bert_tutorial.rst
a33064bcf,nan
3d35f57dc,intermediate_source/dynamic_quantization_bert_tutorial.py
27405563b,nan
91ceb9371,intermediate_source/dynamic_quantization_bert_tutorial.py
c3204801c,Makefile
9ac543563,nan
5f2b4b587,nan
d7bd3cc46,nan
d0ef61b67,nan
998b39918,intermediate_source/quantized_transfer_learning_tutorial.py
09031269d,intermediate_source/dynamic_quantization_bert_tutorial.py
f58558aa3,intermediate_source/dynamic_quantization_bert_tutorial.py
cb37cbf71,intermediate_source/dynamic_quantization_bert_tutorial.py
f86f07745,nan
3afbeb1a4,_static/img/bert_mrpc.png
3afbeb1a4,_static/img/per_channel_quant.png
3afbeb1a4,_static/img/per_tensor_quant.png
3afbeb1a4,_static/img/quant_embeddings.png
a800c7742,intermediate_source/quantized_transfer_learning_tutorial.py
5cbaeb0e8,intermediate_source/dynamic_quantization_bert_tutorial.py
ab734721a,intermediate_source/dynamic_quantization_bert_tutorial.py
1fc4afb26,nan
b37d6cbbc,nan
f34c8d4a4,_static/img/bert.png
f34c8d4a4,_static/img/quantized_transfer_learning.png
8ba674318,index.rst
ebf15417e,intermediate_source/dynamic_quantization_bert_tutorial.py
ebf15417e,intermediate_source/quantized_transfer_learning_tutorial.py
b4134ac13,nan
210c6704d,_static/img/bert.png
210c6704d,_static/img/quantized_transfer_learning.png
210c6704d,index.rst
210c6704d,intermediate_source/dynamic_quantization_bert_tutorial.py
210c6704d,intermediate_source/quantized_transfer_learning_tutorial.py
43973d16f,nan
3f9bf120e,_static/img/bert.png
3f9bf120e,_static/img/quantized_transfer_learning.png
3f9bf120e,index.rst
3f9bf120e,intermediate_source/dynamic_quantization_bert_tutorial.py
3f9bf120e,intermediate_source/quantized_transfer_learning_tutorial.py
4e85999a7,advanced_source/cpp_export.rst
4e85999a7,advanced_source/cpp_frontend.rst
a65bbe270,nan
4730065a4,advanced_source/dynamic_quantization_tutorial.py
ac8b56d56,.jenkins/build.sh
71496bde6,nan
993909662,beginner_source/blitz/neural_networks_tutorial.py
64bbe4603,beginner_source/blitz/autograd_tutorial.py
a2e2a4b28,intermediate_source/pruning_tutorial.py
0b87c576a,intermediate_source/pruning_tutorial.py
39f80db55,intermediate_source/pruning_tutorial.py
a8025b7a0,advanced_source/dynamic_quantization_tutorial.py
bfd3f20a5,nan
0fea3417a,Makefile
0fea3417a,advanced_source/static_quantization_tutorial.py
a4115b6b5,advanced_source/static_quantization_tutorial.py
8081dd7b6,nan
32802ce61,advanced_source/cpp_extension.rst
dd5f39022,nan
79384c9b3,beginner_source/Intro_to_TorchScript_tutorial.py
917cad5f4,advanced_source/dynamic_quantization_tutorial.py
5fdf751db,nan
0b5aa0daa,beginner_source/audio_preprocessing_tutorial.py
47af5dc90,beginner_source/audio_preprocessing_tutorial.py
47af5dc90,index.rst
514a513f2,advanced_source/static_quantization_tutorial.py
32949f56f,index.rst
809f27e5b,beginner_source/transformer_tutorial.py
feca7bcdc,advanced_source/super_resolution_with_onnxruntime.py
0d0f95415,advanced_source/static_quantization_tutorial.py
20f59a1a1,nan
836e35cbe,nan
6ff1ed981,nan
46d8c26fb,advanced_source/static_quantization_tutorial.py
bdc521230,advanced_source/dynamic_quantization_tutorial.py
3c6390fdc,Makefile
ba0a7a1f1,advanced_source/static_quantization_tutorial.py
ae93711f3,nan
6da2fd37f,nan
0b1a9e817,nan
892328f67,nan
692fc96ca,nan
d552e8e6d,nan
df26eb125,nan
74c6ff1df,nan
be64d8c5c,nan
9443833cd,index.rst
7e0818f3a,.circleci/config.yml
859b86681,nan
923f33f8c,nan
09501c455,index.rst
219bdf990,nan
403d05e11,nan
894c53ff6,nan
69eec4ce4,nan
ed72ace86,.jenkins/build.sh
040fcdd33,advanced_source/static_quantization_tutorial.py
c37b14a8d,advanced_source/static_quantization_tutorial.py
9cee82507,beginner_source/audio_preprocessing_tutorial.py
9cee82507,beginner_source/finetuning_torchvision_models_tutorial.py
9cee82507,index.rst
41e26c0ed,Makefile
41e26c0ed,_static/img/qat.png
41e26c0ed,advanced_source/static_quantization_tutorial.py
41e26c0ed,index.rst
1ac281b91,intermediate_source/named_tensor_tutorial.py
1399cad17,intermediate_source/named_tensor_tutorial.py
b1cd8bb6d,intermediate_source/named_tensor_tutorial.py
167921fe2,intermediate_source/named_tensor_tutorial.py
9d5c022d0,intermediate_source/named_tensor_tutorial.py
51fbe328c,.jenkins/build.sh
7bfccfac6,index.rst
7bfccfac6,intermediate_source/named_tensor_tutorial.py
8c31fb141,advanced_source/dynamic_quantization_tutorial.py
963b3ee3a,advanced_source/static_quantization_tutorial.py
9eee36462,advanced_source/dynamic_quantization_tutorial.py
9eee36462,index.rst
91ccc857a,intermediate_source/named_tensor_tutorial.py
87656b2ad,Makefile
5c15b669f,intermediate_source/named_tensor_tutorial.py
176155575,intermediate_source/named_tensor_tutorial.py
bdf3c13cc,intermediate_source/named_tensor_tutorial.py
988791a8a,nan
ff9f5f532,Makefile
096e31a40,nan
3600b1a37,Makefile
3600b1a37,_static/img/quant_asym.png
3600b1a37,advanced_source/dynamic_quantization_tutorial.py
3600b1a37,index.rst
97123dadb,nan
fa40da433,nan
a300b1dae,nan
a95d19e32,beginner_source/blitz/cifar10_tutorial.py
59fcb14cd,nan
88f9ac222,nan
09460601a,beginner_source/blitz/cifar10_tutorial.py
09460601a,beginner_source/data_loading_tutorial.py
09460601a,beginner_source/pytorch_with_examples.rst
09460601a,beginner_source/transfer_learning_tutorial.py
09460601a,index.rst
8434f3d71,intermediate_source/dist_tuto.rst
38aa56120,intermediate_source/dist_tuto.rst
4c4c79769,intermediate_source/dist_tuto.rst
39851c6eb,intermediate_source/dist_tuto.rst
a799c9155,intermediate_source/dist_tuto.rst
89ed8bfe8,intermediate_source/dist_tuto.rst
a513c4141,intermediate_source/dist_tuto.rst
7fb430fd2,intermediate_source/dist_tuto.rst
6ce485f5c,intermediate_source/dist_tuto.rst
9f716b4cc,intermediate_source/dist_tuto.rst
6c53b2a48,intermediate_source/dist_tuto.rst
e0791cff1,nan
07839ae2c,nan
f23f0375b,intermediate_source/named_tensor_tutorial.py
a5aec5641,_static/img/named_tensor.png
a5aec5641,index.rst
a5aec5641,intermediate_source/named_tensor_tutorial.py
ea34cb0b1,nan
98f3dfa21,nan
42e617d6b,beginner_source/Intro_to_TorchScript_tutorial.py
50f99084d,nan
fb8379a51,beginner_source/chatbot_tutorial.py
b08313ef1,advanced_source/cpp_export.rst
b08313ef1,advanced_source/super_resolution_with_onnxruntime.py
b08313ef1,beginner_source/Intro_to_TorchScript_tutorial.py
b08313ef1,beginner_source/aws_distributed_training_tutorial.py
b08313ef1,intermediate_source/ddp_tutorial.rst
b08313ef1,intermediate_source/dist_tuto.rst
b08313ef1,intermediate_source/flask_rest_api_tutorial.py
b08313ef1,intermediate_source/model_parallel_tutorial.py
322b101b4,advanced_source/cpp_frontend.rst
aec098893,nan
362b005be,nan
94cb6a363,nan
fb60b7873,index.rst
d9a9f91df,nan
cbe12a7b0,nan
95df50434,nan
d214b1261,nan
6bf6bb0bd,index.rst
56c8702ee,intermediate_source/dist_tuto.rst
56c8702ee,intermediate_source/model_parallel_tutorial.py
9b675529c,nan
025d432a4,index.rst
b2ded2d73,_static/img/transformer_input_target.png
b2ded2d73,beginner_source/text_sentiment_ngrams_tutorial.py
b2ded2d73,beginner_source/transformer_tutorial.py
0e8d7f856,_static/img/thumbnails/german_to_english_translation.png
0e8d7f856,beginner_source/text_sentiment_ngrams_tutorial.py
0e8d7f856,beginner_source/torchtext_translation_tutorial.py
0e8d7f856,beginner_source/transformer_tutorial.py
0e8d7f856,index.rst
0e8d7f856,intermediate_source/char_rnn_classification_tutorial.py
0e8d7f856,intermediate_source/char_rnn_generation_tutorial.py
0e8d7f856,intermediate_source/seq2seq_translation_tutorial.py
8ea768d66,nan
82cbd5b69,index.rst
623f0a872,nan
c764f649e,.jenkins/build.sh
c764f649e,requirements.txt
95947b91a,beginner_source/torchtext_translation_tutorial.py
996e6e87b,nan
97894740f,nan
0b018590f,nan
f9d5be71d,nan
da4e58a5b,beginner_source/transfer_learning_tutorial.py
1dcaf9eeb,nan
c5d8f5ca1,nan
98636c429,nan
934ed8fea,intermediate_source/ddp_tutorial.rst
93a417785,_static/img/thumbnails/torchtext.png
1beae368d,beginner_source/README.txt
1beae368d,beginner_source/torchtext_translation_tutorial.py
1beae368d,index.rst
6d2829ae7,nan
704454184,_static/img/torchscript_to_cpp.png
704454184,index.rst
704454184,intermediate_source/ddp_tutorial.rst
704454184,intermediate_source/model_parallel_tutorial.py
1218d05c9,beginner_source/transformer_tutorial.py
984b93706,nan
900ead9a9,intermediate_source/dist_tuto.rst
900ead9a9,intermediate_source/model_parallel_tutorial.py
b41b96f3f,_static/img/transformer_architecture.jpg
73df8344b,_static/img/transformer_tutorial.py
983645a27,_static/img/transformer_tutorial.py
983645a27,beginner_source/transformer_tutorial.py
983645a27,index.rst
afad2e527,nan
8368e85f7,advanced_source/cpp_export.rst
8368e85f7,advanced_source/super_resolution_with_onnxruntime.py
8368e85f7,beginner_source/Intro_to_TorchScript_tutorial.py
8368e85f7,beginner_source/aws_distributed_training_tutorial.py
8368e85f7,index.rst
8368e85f7,intermediate_source/ddp_tutorial.rst
8368e85f7,intermediate_source/dist_tuto.rst
8368e85f7,intermediate_source/flask_rest_api_tutorial.py
8368e85f7,intermediate_source/model_parallel_tutorial.py
dde846b98,beginner_source/blitz/cifar10_tutorial.py
ffecdf7e2,nan
03ba8fab1,advanced_source/cpp_frontend.rst
1bc0efeae,beginner_source/transfer_learning_tutorial.py
1f6b4a4e3,nan
333c49469,nan
828819325,advanced_source/cpp_extension.rst
4eeb8a38b,intermediate_source/tensorboard_tutorial.rst
bde989b1a,nan
d7cf55318,nan
54f4c2ed4,nan
6d7cd54de,nan
87453c703,nan
fb4c02ffc,nan
969e4676c,beginner_source/dcgan_faces_tutorial.py
a3854acf3,nan
32ba462f7,beginner_source/blitz/tensor_tutorial.py
12645e918,nan
08c4ec986,beginner_source/blitz/tensor_tutorial.py
e9bef7332,nan
f716a91d2,nan
8c36bd800,_static/img/mnist.png
ffcb527f3,beginner_source/blitz/tensor_tutorial.py
15bfd259a,nan
a0e14a597,index.rst
e765acad2,nan
5f95faef4,beginner_source/Intro_to_TorchScript.py
d1735c1c6,nan
e09ddfcdf,nan
10961fe12,nan
17e6118fe,intermediate_source/tensorboard_tutorial.rst
754edce6a,nan
2ed979f07,nan
fac0dcba0,nan
9680d9890,nan
c9f6eaaf1,nan
9896b04d2,nan
5c15f2f28,index.rst
29eea2717,nan
6db2a07f2,nan
fb00d7827,beginner_source/deep_learning_60min_blitz.rst
a71a4f228,nan
627fbe235,nan
8bc76c969,advanced_source/cpp_export.rst
4ea9ef40d,intermediate_source/tensorboard_tutorial.rst
8ed972790,intermediate_source/tensorboard_tutorial.rst
c322d1c0f,beginner_source/transfer_learning_tutorial.py
d85a3d2fe,beginner_source/examples_autograd/tf_two_layer_net.py
d85a3d2fe,beginner_source/examples_autograd/two_layer_net_autograd.py
d85a3d2fe,beginner_source/examples_autograd/two_layer_net_custom_function.py
d85a3d2fe,beginner_source/examples_nn/dynamic_net.py
d85a3d2fe,beginner_source/examples_nn/two_layer_net_module.py
d85a3d2fe,beginner_source/examples_nn/two_layer_net_nn.py
d85a3d2fe,beginner_source/examples_nn/two_layer_net_optim.py
d85a3d2fe,beginner_source/examples_tensor/two_layer_net_tensor.py
196cc7499,nan
be788b8a1,nan
38e6ef697,nan
9222d1340,nan
54a389ecd,intermediate_source/flask_rest_api_tutorial.py
6b53d2b66,advanced_source/super_resolution_with_onnxruntime.py
8ddb3a97c,nan
5094aac4c,nan
5679825b6,nan
6f404bebc,nan
b7263fe30,nan
56bd7f756,nan
d13a4c6c6,beginner_source/data_loading_tutorial.py
500de6bd3,intermediate_source/flask_rest_api_tutorial.py
51b57f13d,intermediate_source/flask_rest_api_tutorial.py
bd90b3333,advanced_source/torch_script_custom_ops.rst
5859c0e78,nan
06344a18a,nan
867acf24b,nan
06343d740,advanced_source/cpp_export.rst
0a7835162,nan
747b3bc28,advanced_source/cpp_export.rst
4174b2139,nan
5abce3ccb,beginner_source/deploy_seq2seq_hybrid_frontend_tutorial.py
0cf0c680f,advanced_source/cpp_export.rst
9ab9b0043,.jenkins/build.sh
438606d5f,requirements.txt
56b6951a0,nan
6ed6f76c1,index.rst
ab770d61d,beginner_source/Intro_to_TorchScript_tutorial.py
60d6ef365,nan
7ae41e799,nan
beddea561,nan
b6c6b6b72,index.rst
4cdad630d,intermediate_source/tensorboard_tutorial.rst
1e6be64d2,nan
8dab425bb,intermediate_source/tensorboard_tutorial.py
551d696ad,intermediate_source/tensorboard_tutorial.rst
8f88909f5,nan
65ce8a14e,nan
9c777545e,index.rst
d065c7545,nan
d5bca7d06,_static/img/tensorboard_figure.png
d5bca7d06,_static/img/tensorboard_first_view.png
d5bca7d06,_static/img/tensorboard_images.png
d5bca7d06,_static/img/tensorboard_model_viz.png
d5bca7d06,_static/img/tensorboard_pr_curves.png
d5bca7d06,_static/img/tensorboard_projector.png
d5bca7d06,_static/img/tensorboard_scalar_runs.png
d5bca7d06,_static/img/thumbnails/pytorch_tensorboard.png
d5bca7d06,index.rst
d5bca7d06,intermediate_source/README.txt
d5bca7d06,intermediate_source/tensorboard_tutorial.py
3cb9b3027,nan
4d6dafce7,nan
70095fd27,nan
4aabd7d4c,nan
086a39a74,nan
8e7fb18ef,beginner_source/deploy_seq2seq_hybrid_frontend_tutorial.py
44187c5ff,_static/img/chatbot/diff.png
44187c5ff,_static/img/chatbot/pytorch_workflow.png
44187c5ff,_static/img/hybrid.png
44187c5ff,beginner_source/deploy_seq2seq_hybrid_frontend_tutorial.py
44187c5ff,index.rst
198d526f8,beginner_source/text_sentiment_ngrams_tutorial.py
05a9a0bf8,beginner_source/text_sentiment_ngrams_tutorial.py
d6bb0af5e,beginner_source/text_sentiment_ngrams_tutorial.py
755db7f1e,nan
208103050,beginner_source/text_sentiment_ngrams_tutorial.py
80201b6a8,nan
b0d9128f5,.jenkins/build.sh
1febb83c3,.jenkins/build.sh
f96a035e0,.jenkins/build.sh
d028e91fe,nan
1f63f0fca,.jenkins/build.sh
e1615dfcd,nan
ccadd5f68,_static/img/torchscript.png
ccadd5f68,beginner_source/Intro_to_TorchScript.py
ccadd5f68,index.rst
572f9c2bf,.jenkins/build.sh
27a7311d8,beginner_source/text_sentiment_ngrams_tutorial.py
96013143d,.jenkins/build.sh
ae3e15dd8,nan
4f4195fba,.jenkins/build.sh
f3e0ed047,index.rst
881636690,nan
a47368186,nan
533e31a30,nan
37e9c5c62,nan
879845f64,nan
53959f7e6,index.rst
aeab17e8d,beginner_source/text_sentiment_ngrams_tutorial.py
5477efa56,.jenkins/build.sh
a5287cf13,nan
577112412,.jenkins/build.sh
8b8e72b6a,nan
f43a4489b,nan
e8cf0c5ab,nan
1fec09f0e,nan
039209e9d,nan
1552421c3,advanced_source/torch_script_custom_ops.rst
294c17c1c,advanced_source/torch_script_custom_ops.rst
3fde079d1,nan
400b466f3,advanced_source/cpp_export.rst
75635f41b,intermediate_source/flask_rest_api_tutorial.py
d12fcca2d,nan
ac31072ab,intermediate_source/torchvision_tutorial.rst
dd93a45e1,intermediate_source/flask_rest_api_tutorial.py
f78435594,nan
671a338a1,nan
efa90dafa,intermediate_source/seq2seq_translation_tutorial.py
36cbfa0e8,src/pytorch-sphinx-theme
2115195b7,_static/img/tensorboard_figure.png
2115195b7,_static/img/tensorboard_first_view.png
2115195b7,_static/img/tensorboard_images.png
2115195b7,_static/img/tensorboard_model_viz.png
2115195b7,_static/img/tensorboard_pr_curves.png
2115195b7,_static/img/tensorboard_projector.png
2115195b7,_static/img/tensorboard_scalar_runs.png
2115195b7,beginner_source/blitz/README.txt
87cb001d9,beginner_source/blitz/README.txt
1c95a8cad,.gitignore
1c95a8cad,beginner_source/blitz/tensorboard_tutorial.py
ba975e18d,intermediate_source/flask_tutorial/app.py
ba975e18d,intermediate_source/flask_tutorial/test_flask.py
ffe169683,nan
223fd1d8d,intermediate_source/flask_rest_api_tutorial.py
fe787fa14,intermediate_source/flask_tutorial/app.py
fe787fa14,intermediate_source/flask_tutorial/test_flask.py
a65bf49de,nan
8a65a03f0,beginner_source/blitz/README.txt
951401532,beginner_source/blitz/tensorboard_tutorial.py
8e36beda1,_static/img/tensorboard_first_view.png
8e36beda1,_static/img/tensorboard_images.png
8e36beda1,_static/img/tensorboard_model_viz.png
8e36beda1,_static/img/tensorboard_pr_curves.png
8e36beda1,_static/img/tensorboard_projector.png
8e36beda1,_static/img/tensorboard_scalar_runs.png
8e36beda1,beginner_source/blitz/cifar10_tensorboard_tutorial.py
8e36beda1,beginner_source/blitz/tensorboard_tutorial.py
245c7c81a,beginner_source/text_sentiment_ngrams_tutorial.py
b6a683f6a,nan
2963370cb,intermediate_source/flask_rest_api_tutorial.py
95e35a434,intermediate_source/flask_rest_api_tutorial.py
d659ec404,intermediate_source/flask_rest_api_tutorial.py
4b026254a,intermediate_source/flask_rest_api_tutorial.py
d0b97fcb2,_static/img/text_sentiment_ngrams_model.png
2084f60fc,beginner_source/text_sentiment_ngrams.py
d4742b84b,intermediate_source/flask_rest_api_tutorial.py
c5109a28a,_static/imagenet_class_index.json
ed4422dc2,intermediate_source/flask_rest_api_tutorial.py
b071cdec8,intermediate_source/flask_rest_api_tutorial.py
2164075d2,intermediate_source/flask_rest_api_tutorial.py
62dd985a7,requirements.txt
b8b22f2a1,_static/img/sample_file.jpeg
18cada032,nan
f74ad575a,beginner_source/audio_preprocessing_tutorial.py
f74ad575a,index.rst
233f4029a,beginner_source/blitz/README.txt
233f4029a,beginner_source/blitz/cifar10_tensorboard_tutorial.py
4b82e6939,beginner_source/blitz/cifar10_tensorboard_tutorial.py
c0c5fbe4e,beginner_source/blitz/cifar10_tensorboard_tutorial.py
e301f8362,beginner_source/blitz/cifar10_tensorboard_tutorial.py
557a5d2d2,beginner_source/blitz/README.txt
3b7d66b44,beginner_source/blitz/cifar10_tensorboard_tutorial.py
a3fbb9c61,nan
a16e53698,.gitignore
a16e53698,_static/img/tensorboard_figure.png
a16e53698,_static/img/tensorboard_first_view.png
a16e53698,_static/img/tensorboard_model_viz.png
a16e53698,_static/img/tensorboard_scalar_runs.png
a16e53698,beginner_source/blitz/cifar10_tensorboard_tutorial.py
1c59b958f,beginner_source/audio_preprocessing_tutorial.py
c8d46adc2,nan
0079c17e8,beginner_source/blitz/cifar10_tensorboard_tutorial.py
0079c17e8,src/pytorch-sphinx-theme
06ba7f516,.jenkins/build.sh
177c3f1d8,.jenkins/build.sh
1401e8970,intermediate_source/flask_rest_api_tutorial.py
c18c8315f,intermediate_source/flask_rest_api_tutorial.py
105da91fa,intermediate_source/flask_rest_api_tutorial.py
be03660d4,index.rst
5239d7513,nan
f2bf22a56,nan
75a581c15,advanced_source/cpp_extension.rst
ad0dd80ea,beginner_source/audio_classifier_tutorial.py
34696686d,beginner_source/audio_preprocessing_tutorial.py
9341570d4,nan
3b657d88f,index.rst
a51999e29,nan
f986bab81,beginner_source/chatbot_tutorial.py
3e1613d74,beginner_source/chatbot_tutorial.py
a2d197c2c,beginner_source/audio_preprocessing_tutorial.py
3933eeec4,beginner_source/audio_preprocessing_tutorial.py
02cf5f6ca,_static/img/steam-train-whistle-daniel_simon-converted-from-mp3.wav
02cf5f6ca,beginner_source/audio_preprocessing_tutorial.py
420132713,advanced_source/super_resolution_with_onnxruntime.py
a7c3a8b6d,beginner_source/chatbot_tutorial.py
28528e0b2,advanced_source/super_resolution_with_onnxruntime.py
8c4e5a688,advanced_source/super_resolution_with_onnxruntime.py
8c4e5a688,custom_directives.py
c0ffd4e60,_static/img/audio_preprocessing_tutorial_waveform.png
c0ffd4e60,beginner_source/audio_preprocessing_tutorial.py
c0ffd4e60,index.rst
c6ec2824f,nan
d13664e8b,beginner_source/dcgan_faces_tutorial.py
7e51fa051,beginner_source/blitz/cifar10_tutorial.py
81066e13e,beginner_source/ptcheat.rst
9f21916f8,nan
81520da47,beginner_source/PyTorch
81520da47,Cheat.md
a4a2fbb2c,.jenkins/build.sh
a4a2fbb2c,requirements.txt
2f8fe9088,advanced_source/numpy_extensions_tutorial.py
477ca1d53,beginner_source/blitz/autograd_tutorial.py
fc43498c1,advanced_source/super_resolution_with_onnxruntime.py
fc43498c1,custom_directives.py
1da736eac,_static/img/cat_output1.png
1da736eac,advanced_source/README.txt
1da736eac,advanced_source/super_resolution_with_onnxruntime.py
1da736eac,index.rst
456549e16,_static/img/cat_superres_with_ort.jpg
456549e16,advanced_source/super_resolution_with_caffe2.py
456549e16,advanced_source/super_resolution_with_onnxruntime.py
eb7960c4a,beginner_source/data_loading_tutorial.py
3d317f89c,intermediate_source/flask_rest_api_tutorial.py
cc96dd4bd,index.rst
0fe9b2210,beginner_source/README.txt
0fe9b2210,intermediate_source/README.txt
e93096185,beginner_source/nn_tutorial.py
7ee582ae3,.jenkins/remove_invisible_code_block_from_html.py
7ee582ae3,.jenkins/remove_invisible_code_block_from_rst_txt.py
7ee582ae3,beginner_source/nn_tutorial.py
dae9661e5,.jenkins/build.sh
18c62bdf1,beginner_source/nn_tutorial.py
88d4298ca,.jenkins/build.sh
bf8e2546c,beginner_source/ptcheat.rst
753bd12ee,beginner_source/flask_rest_api_tutorial.py
e3fede2c7,beginner_source/flask_rest_api_tutorial.py
41299b12b,index.rst
35dff3d17,_static/img/flask.png
35dff3d17,beginner_source/README.txt
35dff3d17,index.rst
3af5f1b9b,beginner_source/flask_rest_api_tutorial.py
f3a60ce76,beginner_source/flask_rest_api_tutorial.py
7f3f33102,beginner_source/flask_rest_api_tutorial.py
c4d6e112f,nan
03675774d,beginner_source/deploy_seq2seq_hybrid_frontend_tutorial.py
c325b2a0c,beginner_source/examples_autograd/two_layer_net_autograd.py
0c11476dd,beginner_source/data_loading_tutorial.py
15a7ddf6b,intermediate_source/model_parallel_tutorial.py
630802450,beginner_source/blitz/neural_networks_tutorial.py
94804679d,nan
e7b036a57,intermediate_source/reinforcement_q_learning.py
e37d8dd1f,beginner_source/PyTorch
e37d8dd1f,Cheat.md
e37d8dd1f,beginner_source/ptcheat.rst
d6aa1f08c,beginner_source/blitz/cifar10_tutorial.py
b4cd127f4,advanced_source/super_resolution_with_caffe2.py
3a220b773,advanced_source/ONNXLive.rst
9fb9bddf0,beginner_source/data_loading_tutorial.py
3f730137c,nan
242a3ea94,nan
a681aeb33,.jenkins/build.sh
a681aeb33,requirements.txt
4e8511a4f,requirements.txt
400e32423,advanced_source/torch_script_custom_ops.rst
f0ab3ded5,intermediate_source/torchvision_tutorial.rst
6d42ddae8,_static/torchvision_finetuning_instance_segmentation.ipynb
6d42ddae8,_static/tv-training-code.py
6d42ddae8,intermediate_source/torchvision_tutorial.rst
b0026e948,_static/img/thumbnails/tv-img.png
b0026e948,_static/img/tv_tutorial/tv_image01.png
b0026e948,_static/img/tv_tutorial/tv_image02.png
b0026e948,_static/img/tv_tutorial/tv_image03.png
b0026e948,_static/img/tv_tutorial/tv_image04.png
b0026e948,_static/img/tv_tutorial/tv_image05.png
b0026e948,_static/img/tv_tutorial/tv_image06.png
b0026e948,_static/img/tv_tutorial/tv_image07.png
b0026e948,index.rst
b0026e948,intermediate_source/torchvision_tutorial.rst
18ec63ce8,index.rst
c1523d3f1,advanced_source/cpp_export.rst
c1523d3f1,advanced_source/cpp_frontend.rst
ac0e1d002,nan
06fe7c406,nan
3c7c57193,index.rst
42b3de55d,intermediate_source/model_parallel_tutorial.py
91c308332,README.md
80542a15d,nan
c342d2b33,index.rst
c342d2b33,intermediate_source/ddp_tutorial.rst
63d6601a5,beginner_source/blitz/tensor_tutorial.py
5ef8df5f3,advanced_source/cpp_extension.rst
e9f2c6f82,nan
5beb8232d,intermediate_source/model_parallel_tutorial.py
f52c85de8,nan
43ed1b90b,nan
bca73b7a4,.circleci/config.yml
f011eae8f,nan
dbf49e512,intermediate_source/model_parallel_tutorial.py
b317dc9ad,beginner_source/chatbot_tutorial.py
015dc953c,beginner_source/dcgan_faces_tutorial.py
83c527f05,intermediate_source/model_parallel_tutorial.py
da2338607,nan
beb7e2764,nan
e0871d8d3,nan
4a090f135,index.rst
8798ff3ea,beginner_source/nn_tutorial.py
5303996ee,nan
adc818796,beginner_source/dcgan_faces_tutorial.py
4682f19b4,beginner_source/colab.rst
4682f19b4,index.rst
eb1cd346c,_templates/layout.html
49cc4c270,beginner_source/former_torchies/README.txt
49cc4c270,beginner_source/former_torchies/nnft_tutorial.py
49cc4c270,beginner_source/former_torchies_tutorial.rst
9e6c8ba21,intermediate_source/reinforcement_q_learning.py
0eec7facd,nan
3303f0d47,nan
dc0b2dc0e,beginner_source/nlp/word_embeddings_tutorial.py
c6143b775,.circleci/config.yml
c6143b775,.jenkins/build.sh
e2c6b16f6,beginner_source/former_torchies/parallelism_tutorial.py
f20b8719c,.circleci/config.yml
afa4fa555,_templates/layout.html
a58d4de13,advanced_source/numpy_extensions_tutorial.py
a58d4de13,beginner_source/data_loading_tutorial.py
d247c370a,.circleci/config.yml
d247c370a,src/pytorch-sphinx-theme
03ead183c,.circleci/config.yml
f68ecd6fe,_static/img/model-parallel-images/mp_vs_rn.png
f68ecd6fe,_static/img/model-parallel-images/mp_vs_rn_vs_pp.png
f68ecd6fe,_static/img/model-parallel-images/split_size_tradeoff.png
f68ecd6fe,index.rst
f68ecd6fe,intermediate_source/model_parallel_tutorial.py
88577d77d,beginner_source/nlp/sequence_models_tutorial.py
068d57a4b,advanced_source/cpp_frontend.rst
7371fea65,beginner_source/saving_loading_models.py
0bda28d38,beginner_source/nn_tutorial.py
7a57b5c52,beginner_source/blitz/autograd_tutorial.py
5fff87419,intermediate_source/reinforcement_q_learning.py
d46485894,advanced_source/cpp_export.rst
d46485894,advanced_source/cpp_frontend.rst
8aefdf53e,advanced_source/cpp_export.rst
8aefdf53e,advanced_source/cpp_frontend.rst
8aefdf53e,advanced_source/torch_script_custom_ops.rst
d35c4f33b,.circleci/config.yml
83b5c39b6,advanced_source/cpp_extension.rst
0b37e5560,advanced_source/cpp_frontend.rst
3cbb17f8e,_static/images/arrow-down-orange.svg
3cbb17f8e,_static/images/arrow-right-with-tail.svg
3cbb17f8e,_static/images/chevron-down-grey.svg
3cbb17f8e,_static/images/chevron-right-orange.svg
3cbb17f8e,_static/images/chevron-right-white.svg
3cbb17f8e,_static/images/icon-close.svg
3cbb17f8e,_static/images/icon-menu-dots-dark.svg
3cbb17f8e,_static/images/logo-dark.svg
3cbb17f8e,_static/images/logo-facebook-dark.svg
3cbb17f8e,_static/images/logo-icon.svg
3cbb17f8e,_static/images/logo-twitter-dark.svg
3cbb17f8e,_static/images/logo.svg
3cbb17f8e,_static/img/pytorch-logo-dark.svg
3cbb17f8e,_static/pytorch-logo-dark.svg
7503a42ee,_static/images/view-page-source-icon.svg
6323a5f73,beginner_source/nlp/advanced_tutorial.py
20e859f17,nan
411591fe6,advanced_source/torch_script_custom_ops.rst
d6973699a,_static/img/cpp-frontend/digits.png
d6973699a,_static/img/cpp-pytorch.png
d6973699a,advanced_source/cpp_frontend.rst
d6973699a,index.rst
878638ade,beginner_source/saving_loading_models.py
509c7f98a,nan
52cfd7118,nan
d1e6550a3,.gitignore
bbb5f2bd4,beginner_source/nn_tutorial.py
b38343e6c,nan
b037aefa6,Makefile
d87425afe,_static/css/pytorch_theme.css
d87425afe,_static/doctools.js
d87425afe,_static/images/arrow-down-orange.svg
d87425afe,_static/images/arrow-right-with-tail.svg
d87425afe,_static/images/chevron-down-grey.svg
d87425afe,_static/images/chevron-right-orange.svg
d87425afe,_static/images/chevron-right-white.svg
d87425afe,_static/images/icon-close.svg
d87425afe,_static/images/icon-menu-dots-dark.svg
d87425afe,_static/images/logo-dark.svg
d87425afe,_static/images/logo-facebook-dark.svg
d87425afe,_static/images/logo-icon.svg
d87425afe,_static/images/logo-twitter-dark.svg
d87425afe,_static/images/logo.svg
d87425afe,_static/images/view-page-source-icon.svg
d87425afe,_static/img/pytorch-logo-dark.svg
d87425afe,_static/jquery-3.2.1.js
d87425afe,_static/js/modernizr.min.js
d87425afe,_static/pytorch-logo-dark.svg
d87425afe,_static/underscore-1.3.1.js
d87425afe,_static/underscore.js
d87425afe,_templates/layout.html
d87425afe,advanced_source/ONNXLive.rst
d87425afe,advanced_source/cpp_extension.rst
d87425afe,advanced_source/torch_script_custom_ops.rst
d87425afe,beginner_source/chatbot_tutorial.py
d87425afe,beginner_source/data_loading_tutorial.py
d87425afe,beginner_source/dcgan_faces_tutorial.py
d87425afe,beginner_source/finetuning_torchvision_models_tutorial.py
d87425afe,beginner_source/hybrid_frontend_tutorial.rst
d87425afe,beginner_source/nlp/advanced_tutorial.py
d87425afe,beginner_source/nn_tutorial.py
d87425afe,beginner_source/transfer_learning_tutorial.py
d87425afe,intermediate_source/char_rnn_classification_tutorial.py
d87425afe,intermediate_source/char_rnn_generation_tutorial.py
d87425afe,intermediate_source/dist_tuto.rst
d87425afe,intermediate_source/reinforcement_q_learning.py
d87425afe,intermediate_source/seq2seq_translation_tutorial.py
db015b343,beginner_source/blitz/autograd_tutorial.py
db015b343,beginner_source/blitz/cifar10_tutorial.py
db015b343,beginner_source/blitz/neural_networks_tutorial.py
76f69e552,nan
0151a9f1e,intermediate_source/seq2seq_translation_tutorial.py
e8cc0ba88,nan
ace01388e,beginner_source/nn_basics.py
2d51162d5,nan
d815c622e,index.rst
bd8361c03,nan
c2204d8f8,advanced_source/cpp_extension.rst
6135fc607,_static/img/torch.nn.png
6135fc607,beginner_source/nn_tutorial.py
9e7ebc0e3,nan
ffaabb46d,beginner_source/transfer_learning_tutorial.py
3879d330a,.gitmodules
3879d330a,src/pytorch-sphinx-theme
fbd68a555,beginner_source/audio_classifier_tutorial.py
0ae734056,nan
8a7dff83f,beginner_source/audio_classifier_tutorial.py
d1b279f28,nan
0fa807476,nan
46aaed60e,advanced_source/torch_script_custom_ops.rst
c0aa1a93c,advanced_source/torch_script_custom_ops.rst
4703db174,beginner_source/PyTorch
4703db174,Cheat.md
b7569a37b,intermediate_source/reinforcement_q_learning.py
5f1dcfe59,_static/img/reinforcement_learning_diagram.jpg
5f1dcfe59,intermediate_source/reinforcement_q_learning.py
4779db87b,nan
e01fb8963,advanced_source/torch_script_custom_ops.rst
96c053751,nan
0b1905a31,beginner_source/blitz/cifar10_tutorial.py
4460f6a7c,nan
6b503545a,beginner_source/blitz/autograd_tutorial.py
f20284391,nan
b93ce6e23,beginner_source/chatbot_tutorial.py
a46b6437b,nan
8a9f9576d,.jenkins/build.sh
75884b5f0,nan
f96d56ce6,beginner_source/blitz/cifar10_tutorial.py
c47c4d90d,.jenkins/build.sh
c47c4d90d,beginner_source/hybrid_frontend/learning_hybrid_frontend_through_example_tutorial.py
c64413c2e,.jenkins/build.sh
f12df99b6,index.rst
6b50c1852,.jenkins/build.sh
87cf35dc5,.jenkins/build.sh
a6b20d317,.jenkins/build.sh
a6b20d317,.jenkins/remove_invisible_code_block_batch.sh
a6b20d317,.jenkins/remove_invisible_code_block_from_html.py
a6b20d317,.jenkins/remove_invisible_code_block_from_ipynb.py
a6b20d317,.jenkins/remove_invisible_code_block_from_py.py
a6b20d317,.jenkins/remove_invisible_code_block_from_rst_txt.py
a6b20d317,beginner_source/former_torchies/README.txt
a6b20d317,beginner_source/former_torchies/autograd_tutorial_old.py
a6b20d317,beginner_source/former_torchies/tensor_tutorial_old.py
a6b20d317,beginner_source/former_torchies_tutorial.rst
fe4cbcd0f,.jenkins/build.sh
1ccddb3f6,.circleci/config.yml
4e0fe5ea8,.circleci/config.yml
508f98535,.circleci/config.yml
508f98535,.jenkins/build.sh
508f98535,.jenkins/delete_html_file_with_runnable_code_removed.py
508f98535,.jenkins/remove_invisible_code_block_batch.sh
508f98535,.jenkins/remove_invisible_code_block_from_html.py
508f98535,.jenkins/remove_runnable_code.py
508f98535,.jenkins/replace_tutorial_html_content.py
508f98535,Makefile
508f98535,advanced_source/neural_style_tutorial.py
508f98535,beginner_source/audio_classifier_tutorial.py
508f98535,beginner_source/blitz/cifar10_tutorial.py
508f98535,beginner_source/data_loading_tutorial.py
508f98535,beginner_source/dcgan_faces_tutorial.py
508f98535,beginner_source/deploy_seq2seq_hybrid_frontend_tutorial.py
508f98535,beginner_source/fgsm_tutorial.py
508f98535,beginner_source/finetuning_torchvision_models_tutorial.py
508f98535,beginner_source/transfer_learning_tutorial.py
508f98535,requirements.txt
508f98535,src/pytorch-sphinx-theme
e05cfa472,.jenkins/build.sh
e05cfa472,_static/img/autodiff.png
e05cfa472,advanced_source/cpp_export.rst
e05cfa472,beginner_source/chatbot_tutorial.py
e05cfa472,beginner_source/deploy_seq2seq_hybrid_frontend_tutorial.py
e05cfa472,beginner_source/hybrid_frontend/learning_hybrid_frontend_through_example_tutorial.py
e05cfa472,index.rst
73fa8536b,nan
b1f3f3156,beginner_source/aws_distributed_training_tutorial.py
2fc25c2e0,beginner_source/blitz/autograd_tutorial.py
a3d5eed9d,advanced_source/cpp_extension.rst
59185f929,_static/js/theme.js
59185f929,_static/js/vendor/anchor.min.js
59185f929,_static/js/vendor/bootstrap.min.js
59185f929,_static/js/vendor/popper.min.js
9833e5490,nan
609e55a37,advanced_source/torch_script_custom_ops.rst
3f1dd7547,nan
bdbb8549f,advanced_source/torch_script_custom_ops.rst
bdbb8549f,index.rst
667663c99,intermediate_source/reinforcement_q_learning.py
5e48246d3,Makefile
5e48246d3,README.md
a2b1aac53,.jenkins/build.sh
a2b1aac53,advanced_source/cpp_export.rst
a2b1aac53,intermediate_source/spatial_transformer_tutorial.py
a2b1aac53,requirements.txt
1dc0de7f7,nan
24413734d,advanced_source/README.txt
24413734d,advanced_source/cpp_export.rst
24413734d,advanced_source/cpp_extension.rst
24413734d,advanced_source/neural_style_tutorial.py
24413734d,advanced_source/super_resolution_with_caffe2.py
24413734d,beginner_source/README.txt
24413734d,beginner_source/blitz/README.txt
24413734d,beginner_source/blitz/autograd_tutorial.py
24413734d,beginner_source/blitz/cifar10_tutorial.py
24413734d,beginner_source/blitz/data_parallel_tutorial.py
24413734d,beginner_source/blitz/neural_networks_tutorial.py
24413734d,beginner_source/blitz/tensor_tutorial.py
24413734d,beginner_source/chatbot_tutorial.py
24413734d,beginner_source/deploy_seq2seq_hybrid_frontend_tutorial.py
24413734d,beginner_source/former_torchies/README.txt
24413734d,beginner_source/former_torchies/parallelism_tutorial.py
24413734d,beginner_source/hybrid_frontend/README.txt
24413734d,beginner_source/hybrid_frontend/learning_hybrid_frontend_through_example_tutorial.py
24413734d,beginner_source/nlp/README.txt
24413734d,beginner_source/nlp/pytorch_tutorial.py
24413734d,beginner_source/transfer_learning_tutorial.py
24413734d,index.rst
24413734d,intermediate_source/README.txt
24413734d,intermediate_source/char_rnn_classification_tutorial.py
24413734d,intermediate_source/char_rnn_generation_tutorial.py
24413734d,intermediate_source/dist_tuto.rst
24413734d,intermediate_source/seq2seq_translation_tutorial.py
400e21b9f,nan
44d03154e,advanced_source/cpp_extension.rst
31d9132d1,nan
efb823586,advanced_source/cpp_export.rst
90670932c,advanced_source/super_resolution_with_caffe2.py
f754198e4,beginner_source/nn_basics.py
ac64c0b11,advanced_source/cpp_extension.rst
72f1f1ca6,_static/img/autodiff.png
72f1f1ca6,beginner_source/blitz/README.txt
72f1f1ca6,beginner_source/deep_learning_60min_blitz.rst
945371a6b,nan
335ddac8d,_templates/layout.html
d6936ff07,beginner_source/chatbot_tutorial.py
d6936ff07,beginner_source/saving_loading_models.py
1df096b06,beginner_source/nn_basics.py
2ca462b41,README.md
79217a1b7,beginner_source/chatbot_tutorial.py
8bcd0ac63,nan
deef00a63,nan
5a45a73f1,nan
e63f10103,_static/ajax-loader.gif
e63f10103,_static/basic.css
e63f10103,_static/broken_example.png
e63f10103,_static/comment-bright.png
e63f10103,_static/comment-close.png
e63f10103,_static/comment.png
e63f10103,_static/css/pytorch_theme.css
e63f10103,_static/doctools.js
e63f10103,_static/documentation_options.js
e63f10103,_static/down-pressed.png
e63f10103,_static/down.png
e63f10103,_static/file.png
e63f10103,_static/fonts/FreightSans/freight-sans-light.woff
e63f10103,_static/fonts/FreightSans/freight-sans-light.woff2
e63f10103,_static/fonts/FreightSans/freight-sans-regular.woff
e63f10103,_static/fonts/FreightSans/freight-sans-regular.woff2
e63f10103,_static/fonts/IBMPlexMono/IBMPlexMono-Light.woff
e63f10103,_static/fonts/IBMPlexMono/IBMPlexMono-Light.woff2
e63f10103,_static/fonts/IBMPlexMono/IBMPlexMono-Medium.woff
e63f10103,_static/fonts/IBMPlexMono/IBMPlexMono-Medium.woff2
e63f10103,_static/fonts/IBMPlexMono/IBMPlexMono-Regular.woff
e63f10103,_static/fonts/IBMPlexMono/IBMPlexMono-Regular.woff2
e63f10103,_static/fonts/IBMPlexMono/IBMPlexMono-SemiBold.woff
e63f10103,_static/fonts/IBMPlexMono/IBMPlexMono-SemiBold.woff2
e63f10103,_static/gallery.css
e63f10103,_static/images/arrow-down-orange.svg
e63f10103,_static/images/arrow-right-with-tail.svg
e63f10103,_static/images/chevron-down-grey.svg
e63f10103,_static/images/chevron-right-orange.svg
e63f10103,_static/images/chevron-right-white.svg
e63f10103,_static/images/home-footer-background.jpg
e63f10103,_static/images/icon-close.svg
e63f10103,_static/images/icon-menu-dots-dark.svg
e63f10103,_static/images/logo-dark.svg
e63f10103,_static/images/logo-facebook-dark.svg
e63f10103,_static/images/logo-icon.svg
e63f10103,_static/images/logo-twitter-dark.svg
e63f10103,_static/images/logo.svg
e63f10103,_static/images/view-page-source-icon.svg
e63f10103,_static/img/ONNXLive.png
e63f10103,_static/img/SRResNet.png
e63f10103,_static/img/Variable.png
e63f10103,_static/img/cartpole.gif
e63f10103,_static/img/cat.jpg
e63f10103,_static/img/cat_224x224.jpg
e63f10103,_static/img/cat_output1.png
e63f10103,_static/img/char_rnn_generation.png
e63f10103,_static/img/chat.png
e63f10103,_static/img/chatbot/RNN-bidirectional.png
e63f10103,_static/img/chatbot/attn1.png
e63f10103,_static/img/chatbot/attn2.png
e63f10103,_static/img/chatbot/bot.png
e63f10103,_static/img/chatbot/diff.png
e63f10103,_static/img/chatbot/global_attn.png
e63f10103,_static/img/chatbot/grad_clip.png
e63f10103,_static/img/chatbot/pytorch_workflow.png
e63f10103,_static/img/chatbot/scores.png
e63f10103,_static/img/chatbot/seq2seq_batches.png
e63f10103,_static/img/chatbot/seq2seq_ts.png
e63f10103,_static/img/cifar10.png
e63f10103,_static/img/cpp_logo.png
e63f10103,_static/img/data_parallel.png
e63f10103,_static/img/dcgan_generator.png
e63f10103,_static/img/distributed/DistPyTorch.jpg
e63f10103,_static/img/distributed/all_gather.pdf
e63f10103,_static/img/distributed/all_gather.png
e63f10103,_static/img/distributed/all_reduce.pdf
e63f10103,_static/img/distributed/all_reduce.png
e63f10103,_static/img/distributed/broadcast.png
e63f10103,_static/img/distributed/gather.png
e63f10103,_static/img/distributed/reduce.png
e63f10103,_static/img/distributed/scatter.png
e63f10103,_static/img/distributed/send_recv.png
e63f10103,_static/img/distributed/send_recv_big.png
e63f10103,_static/img/dynamic_graph.gif
e63f10103,_static/img/fgsm_panda_image.png
e63f10103,_static/img/hybrid.png
e63f10103,_static/img/hybrid_frontend/220px-KnnClassification.png
e63f10103,_static/img/hybrid_frontend/iris_pic.jpg
e63f10103,_static/img/hybrid_frontend/pytorch_workflow_small.jpg
e63f10103,_static/img/landmarked_face2.png
e63f10103,_static/img/mnist.png
e63f10103,_static/img/neural-style/dancing.jpg
e63f10103,_static/img/neural-style/neuralstyle.png
e63f10103,_static/img/neural-style/picasso.jpg
e63f10103,_static/img/neural-style/sphx_glr_neural_style_tutorial_001.png
e63f10103,_static/img/neural-style/sphx_glr_neural_style_tutorial_002.png
e63f10103,_static/img/neural-style/sphx_glr_neural_style_tutorial_003.png
e63f10103,_static/img/neural-style/sphx_glr_neural_style_tutorial_004.png
e63f10103,_static/img/panda.png
e63f10103,_static/img/pytorch-logo-dark.png
e63f10103,_static/img/pytorch-logo-dark.svg
e63f10103,_static/img/rnnclass.png
e63f10103,_static/img/scipynumpy.png
e63f10103,_static/img/seq2seq_flat.png
e63f10103,_static/img/stn/FSeq.png
e63f10103,_static/img/stn/Five.gif
e63f10103,_static/img/stn/stn-arch.png
e63f10103,_static/img/stn/tr.png
e63f10103,_static/img/tensor_illustration.png
e63f10103,_static/img/tensor_illustration_flat.png
e63f10103,_static/img/thumbnails/220px-KnnClassification.png
e63f10103,_static/img/thumbnails/babel.jpg
e63f10103,_static/img/thumbnails/default.png
e63f10103,_static/img/thumbnails/examples.png
e63f10103,_static/img/thumbnails/eye.png
e63f10103,_static/img/thumbnails/floppy.png
e63f10103,_static/img/thumbnails/landmarked_face2.png
e63f10103,_static/img/thumbnails/pytorch-logo-flat.png
e63f10103,_static/img/thumbnails/sphx_glr_transfer_learning_tutorial_001.png
e63f10103,_static/img/thumbnails/torch-logo.png
e63f10103,_static/img/torch-nn-vs-pytorch-nn.png
e63f10103,_static/jquery-3.2.1.js
e63f10103,_static/jquery.js
e63f10103,_static/js/modernizr.min.js
e63f10103,_static/js/theme.js
e63f10103,_static/js/vendor/anchor.min.js
e63f10103,_static/js/vendor/bootstrap.min.js
e63f10103,_static/js/vendor/popper.min.js
e63f10103,_static/minus.png
e63f10103,_static/no_image.png
e63f10103,_static/plus.png
e63f10103,_static/pygments.css
e63f10103,_static/pytorch-logo-dark.svg
e63f10103,_static/searchtools.js
e63f10103,_static/underscore-1.3.1.js
e63f10103,_static/underscore.js
e63f10103,_static/up-pressed.png
e63f10103,_static/up.png
e63f10103,_static/websupport.js
ac0b33718,nan
a95560497,_static/ajax-loader.gif
a95560497,_static/basic.css
a95560497,_static/broken_example.png
a95560497,_static/comment-bright.png
a95560497,_static/comment-close.png
a95560497,_static/comment.png
a95560497,_static/css/pytorch_theme.css
a95560497,_static/css/theme.css
a95560497,_static/doctools.js
a95560497,_static/documentation_options.js
a95560497,_static/down-pressed.png
a95560497,_static/down.png
a95560497,_static/file.png
a95560497,_static/fonts/FreightSans/freight-sans-light.woff
a95560497,_static/fonts/FreightSans/freight-sans-light.woff2
a95560497,_static/fonts/FreightSans/freight-sans-regular.woff
a95560497,_static/fonts/FreightSans/freight-sans-regular.woff2
a95560497,_static/fonts/IBMPlexMono/IBMPlexMono-Light.woff
a95560497,_static/fonts/IBMPlexMono/IBMPlexMono-Light.woff2
a95560497,_static/fonts/IBMPlexMono/IBMPlexMono-Medium.woff
a95560497,_static/fonts/IBMPlexMono/IBMPlexMono-Medium.woff2
a95560497,_static/fonts/IBMPlexMono/IBMPlexMono-Regular.woff
a95560497,_static/fonts/IBMPlexMono/IBMPlexMono-Regular.woff2
a95560497,_static/fonts/IBMPlexMono/IBMPlexMono-SemiBold.woff
a95560497,_static/fonts/IBMPlexMono/IBMPlexMono-SemiBold.woff2
a95560497,_static/gallery.css
a95560497,_static/images/arrow-down-orange.svg
a95560497,_static/images/arrow-right-with-tail.svg
a95560497,_static/images/chevron-down-grey.svg
a95560497,_static/images/chevron-right-orange.svg
a95560497,_static/images/chevron-right-white.svg
a95560497,_static/images/home-footer-background.jpg
a95560497,_static/images/icon-close.svg
a95560497,_static/images/icon-menu-dots-dark.svg
a95560497,_static/images/logo-dark.svg
a95560497,_static/images/logo-facebook-dark.svg
a95560497,_static/images/logo-icon.svg
a95560497,_static/images/logo-twitter-dark.svg
a95560497,_static/images/logo.svg
a95560497,_static/images/view-page-source-icon.svg
a95560497,_static/img/ONNXLive.png
a95560497,_static/img/SRResNet.png
a95560497,_static/img/Variable.png
a95560497,_static/img/cartpole.gif
a95560497,_static/img/cat.jpg
a95560497,_static/img/cat_224x224.jpg
a95560497,_static/img/cat_output1.png
a95560497,_static/img/char_rnn_generation.png
a95560497,_static/img/chat.png
a95560497,_static/img/chatbot/RNN-bidirectional.png
a95560497,_static/img/chatbot/attn1.png
a95560497,_static/img/chatbot/attn2.png
a95560497,_static/img/chatbot/bot.png
a95560497,_static/img/chatbot/diff.png
a95560497,_static/img/chatbot/global_attn.png
a95560497,_static/img/chatbot/grad_clip.png
a95560497,_static/img/chatbot/pytorch_workflow.png
a95560497,_static/img/chatbot/scores.png
a95560497,_static/img/chatbot/seq2seq_batches.png
a95560497,_static/img/chatbot/seq2seq_ts.png
a95560497,_static/img/cifar10.png
a95560497,_static/img/cpp_logo.png
a95560497,_static/img/data_parallel.png
a95560497,_static/img/dcgan_generator.png
a95560497,_static/img/distributed/DistPyTorch.jpg
a95560497,_static/img/distributed/all_gather.pdf
a95560497,_static/img/distributed/all_gather.png
a95560497,_static/img/distributed/all_reduce.pdf
a95560497,_static/img/distributed/all_reduce.png
a95560497,_static/img/distributed/broadcast.png
a95560497,_static/img/distributed/gather.png
a95560497,_static/img/distributed/reduce.png
a95560497,_static/img/distributed/scatter.png
a95560497,_static/img/distributed/send_recv.png
a95560497,_static/img/distributed/send_recv_big.png
a95560497,_static/img/dynamic_graph.gif
a95560497,_static/img/fgsm_panda_image.png
a95560497,_static/img/hybrid.png
a95560497,_static/img/hybrid_frontend/220px-KnnClassification.png
a95560497,_static/img/hybrid_frontend/iris_pic.jpg
a95560497,_static/img/hybrid_frontend/pytorch_workflow_small.jpg
a95560497,_static/img/landmarked_face2.png
a95560497,_static/img/mnist.png
a95560497,_static/img/neural-style/dancing.jpg
a95560497,_static/img/neural-style/neuralstyle.png
a95560497,_static/img/neural-style/picasso.jpg
a95560497,_static/img/neural-style/sphx_glr_neural_style_tutorial_001.png
a95560497,_static/img/neural-style/sphx_glr_neural_style_tutorial_002.png
a95560497,_static/img/neural-style/sphx_glr_neural_style_tutorial_003.png
a95560497,_static/img/neural-style/sphx_glr_neural_style_tutorial_004.png
a95560497,_static/img/panda.png
a95560497,_static/img/pytorch-logo-dark.png
a95560497,_static/img/pytorch-logo-dark.svg
a95560497,_static/img/rnnclass.png
a95560497,_static/img/scipynumpy.png
a95560497,_static/img/seq2seq_flat.png
a95560497,_static/img/stn/FSeq.png
a95560497,_static/img/stn/Five.gif
a95560497,_static/img/stn/stn-arch.png
a95560497,_static/img/stn/tr.png
a95560497,_static/img/tensor_illustration.png
a95560497,_static/img/tensor_illustration_flat.png
a95560497,_static/img/thumbnails/220px-KnnClassification.png
a95560497,_static/img/thumbnails/babel.jpg
a95560497,_static/img/thumbnails/default.png
a95560497,_static/img/thumbnails/examples.png
a95560497,_static/img/thumbnails/eye.png
a95560497,_static/img/thumbnails/floppy.png
a95560497,_static/img/thumbnails/landmarked_face2.png
a95560497,_static/img/thumbnails/pytorch-logo-flat.png
a95560497,_static/img/thumbnails/sphx_glr_transfer_learning_tutorial_001.png
a95560497,_static/img/thumbnails/torch-logo.png
a95560497,_static/img/torch-nn-vs-pytorch-nn.png
a95560497,_static/jquery-3.2.1.js
a95560497,_static/jquery.js
a95560497,_static/js/modernizr.min.js
a95560497,_static/js/theme.js
a95560497,_static/js/vendor/anchor.min.js
a95560497,_static/js/vendor/bootstrap.min.js
a95560497,_static/js/vendor/popper.min.js
a95560497,_static/minus.png
a95560497,_static/no_image.png
a95560497,_static/plus.png
a95560497,_static/pygments.css
a95560497,_static/pytorch-logo-dark.svg
a95560497,_static/searchtools.js
a95560497,_static/underscore-1.3.1.js
a95560497,_static/underscore.js
a95560497,_static/up-pressed.png
a95560497,_static/up.png
a95560497,_static/websupport.js
4c547998f,nan
671983aec,.jenkins/build.sh
62578db4e,nan
35d2e3d2a,.jenkins/build.sh
f569ec097,nan
b69980227,requirements.txt
2ca528f04,nan
50dc24b59,advanced_source/cpp_export.rst
50dc24b59,beginner_source/chatbot_tutorial.py
50dc24b59,beginner_source/deploy_seq2seq_hybrid_frontend_tutorial.py
b1a6d7de6,index.rst
79a9d143e,nan
3af408641,nan
e3c2f4b2f,.jenkins/build.sh
e3c2f4b2f,requirements.txt
6c544da89,nan
16016b53f,.jenkins/build.sh
8ef2a1608,nan
4f4b57a67,.jenkins/build.sh
963265fcc,_static/ajax-loader.gif
963265fcc,_static/basic.css
963265fcc,_static/broken_example.png
963265fcc,_static/comment-bright.png
963265fcc,_static/comment-close.png
963265fcc,_static/comment.png
963265fcc,_static/css/pytorch_theme.css
963265fcc,_static/css/theme.css
963265fcc,_static/doctools.js
963265fcc,_static/documentation_options.js
963265fcc,_static/down-pressed.png
963265fcc,_static/down.png
963265fcc,_static/file.png
963265fcc,_static/fonts/FreightSans/freight-sans-light.woff
963265fcc,_static/fonts/FreightSans/freight-sans-light.woff2
963265fcc,_static/fonts/FreightSans/freight-sans-regular.woff
963265fcc,_static/fonts/FreightSans/freight-sans-regular.woff2
963265fcc,_static/fonts/IBMPlexMono/IBMPlexMono-Light.woff
963265fcc,_static/fonts/IBMPlexMono/IBMPlexMono-Light.woff2
963265fcc,_static/fonts/IBMPlexMono/IBMPlexMono-Medium.woff
963265fcc,_static/fonts/IBMPlexMono/IBMPlexMono-Medium.woff2
963265fcc,_static/fonts/IBMPlexMono/IBMPlexMono-Regular.woff
963265fcc,_static/fonts/IBMPlexMono/IBMPlexMono-Regular.woff2
963265fcc,_static/fonts/IBMPlexMono/IBMPlexMono-SemiBold.woff
963265fcc,_static/fonts/IBMPlexMono/IBMPlexMono-SemiBold.woff2
963265fcc,_static/gallery.css
963265fcc,_static/images/arrow-down-orange.svg
963265fcc,_static/images/arrow-right-with-tail.svg
963265fcc,_static/images/chevron-down-grey.svg
963265fcc,_static/images/chevron-right-orange.svg
963265fcc,_static/images/chevron-right-white.svg
963265fcc,_static/images/home-footer-background.jpg
963265fcc,_static/images/icon-close.svg
963265fcc,_static/images/icon-menu-dots-dark.svg
963265fcc,_static/images/logo-dark.svg
963265fcc,_static/images/logo-facebook-dark.svg
963265fcc,_static/images/logo-icon.svg
963265fcc,_static/images/logo-twitter-dark.svg
963265fcc,_static/images/logo.svg
963265fcc,_static/images/view-page-source-icon.svg
963265fcc,_static/img/ONNXLive.png
963265fcc,_static/img/SRResNet.png
963265fcc,_static/img/Variable.png
963265fcc,_static/img/cartpole.gif
963265fcc,_static/img/cat.jpg
963265fcc,_static/img/cat_224x224.jpg
963265fcc,_static/img/cat_output1.png
963265fcc,_static/img/char_rnn_generation.png
963265fcc,_static/img/chat.png
963265fcc,_static/img/chatbot/RNN-bidirectional.png
963265fcc,_static/img/chatbot/attn1.png
963265fcc,_static/img/chatbot/attn2.png
963265fcc,_static/img/chatbot/bot.png
963265fcc,_static/img/chatbot/diff.png
963265fcc,_static/img/chatbot/global_attn.png
963265fcc,_static/img/chatbot/grad_clip.png
963265fcc,_static/img/chatbot/scores.png
963265fcc,_static/img/chatbot/seq2seq_batches.png
963265fcc,_static/img/chatbot/seq2seq_ts.png
963265fcc,_static/img/cifar10.png
963265fcc,_static/img/cpp_logo.png
963265fcc,_static/img/data_parallel.png
963265fcc,_static/img/dcgan_generator.png
963265fcc,_static/img/distributed/DistPyTorch.jpg
963265fcc,_static/img/distributed/all_gather.pdf
963265fcc,_static/img/distributed/all_gather.png
963265fcc,_static/img/distributed/all_reduce.pdf
963265fcc,_static/img/distributed/all_reduce.png
963265fcc,_static/img/distributed/broadcast.png
963265fcc,_static/img/distributed/gather.png
963265fcc,_static/img/distributed/reduce.png
963265fcc,_static/img/distributed/scatter.png
963265fcc,_static/img/distributed/send_recv.png
963265fcc,_static/img/distributed/send_recv_big.png
963265fcc,_static/img/dynamic_graph.gif
963265fcc,_static/img/fgsm_panda_image.png
963265fcc,_static/img/hybrid.png
963265fcc,_static/img/hybrid_frontend/220px-KnnClassification.png
963265fcc,_static/img/hybrid_frontend/iris_pic.jpg
963265fcc,_static/img/hybrid_frontend/pytorch_workflow_small.jpg
963265fcc,_static/img/landmarked_face2.png
963265fcc,_static/img/mnist.png
963265fcc,_static/img/neural-style/dancing.jpg
963265fcc,_static/img/neural-style/neuralstyle.png
963265fcc,_static/img/neural-style/picasso.jpg
963265fcc,_static/img/neural-style/sphx_glr_neural_style_tutorial_001.png
963265fcc,_static/img/neural-style/sphx_glr_neural_style_tutorial_002.png
963265fcc,_static/img/neural-style/sphx_glr_neural_style_tutorial_003.png
963265fcc,_static/img/neural-style/sphx_glr_neural_style_tutorial_004.png
963265fcc,_static/img/panda.png
963265fcc,_static/img/pytorch-logo-dark.png
963265fcc,_static/img/pytorch-logo-dark.svg
963265fcc,_static/img/rnnclass.png
963265fcc,_static/img/scipynumpy.png
963265fcc,_static/img/seq2seq_flat.png
963265fcc,_static/img/stn/FSeq.png
963265fcc,_static/img/stn/Five.gif
963265fcc,_static/img/stn/stn-arch.png
963265fcc,_static/img/stn/tr.png
963265fcc,_static/img/tensor_illustration.png
963265fcc,_static/img/tensor_illustration_flat.png
963265fcc,_static/img/thumbnails/220px-KnnClassification.png
963265fcc,_static/img/thumbnails/babel.jpg
963265fcc,_static/img/thumbnails/default.png
963265fcc,_static/img/thumbnails/examples.png
963265fcc,_static/img/thumbnails/eye.png
963265fcc,_static/img/thumbnails/floppy.png
963265fcc,_static/img/thumbnails/landmarked_face2.png
963265fcc,_static/img/thumbnails/pytorch-logo-flat.png
963265fcc,_static/img/thumbnails/sphx_glr_transfer_learning_tutorial_001.png
963265fcc,_static/img/thumbnails/torch-logo.png
963265fcc,_static/img/torch-nn-vs-pytorch-nn.png
963265fcc,_static/jquery-3.2.1.js
963265fcc,_static/jquery.js
963265fcc,_static/js/modernizr.min.js
963265fcc,_static/js/theme.js
963265fcc,_static/js/vendor/anchor.min.js
963265fcc,_static/js/vendor/bootstrap.min.js
963265fcc,_static/js/vendor/popper.min.js
963265fcc,_static/minus.png
963265fcc,_static/no_image.png
963265fcc,_static/plus.png
963265fcc,_static/pygments.css
963265fcc,_static/pytorch-logo-dark.svg
963265fcc,_static/searchtools.js
963265fcc,_static/underscore-1.3.1.js
963265fcc,_static/underscore.js
963265fcc,_static/up-pressed.png
963265fcc,_static/up.png
963265fcc,_static/websupport.js
e42cbb6ce,.jenkins/build.sh
e42cbb6ce,requirements.txt
ba8900529,nan
0d3af7732,requirements.txt
8afce8a21,advanced_source/cpp_extension.rst
cca6112c0,index.rst
be1299b80,nan
343b2746f,Makefile
a3e0c8d2b,beginner_source/chatbot_tutorial.py
5dc364f29,nan
ae949d605,nan
31ab1dd41,beginner_source/deploy_seq2seq_hybrid_frontend_tutorial.py
27f6b35bb,nan
83e72d050,nan
75bb5c194,.jenkins/build.sh
f94219105,nan
ae4074d89,.jenkins/build.sh
f57523bbc,beginner_source/deploy_seq2seq_hybrid_frontend_tutorial.py
be5b9ce12,.jenkins/build.sh
b3ad6e2ec,_static/img/hybrid.png
b3ad6e2ec,advanced_source/cpp_export.rst
b3ad6e2ec,beginner_source/chatbot_tutorial.py
b3ad6e2ec,beginner_source/deploy_seq2seq_hybrid_frontend_tutorial.py
b3ad6e2ec,beginner_source/hybrid_frontend/learning_hybrid_frontend_through_example_tutorial.py
b3ad6e2ec,index.rst
1bdbee4fc,nan
a61996ae5,_static/img/chatbot/RNN-bidirectional.png
a61996ae5,_static/img/chatbot/attn1.png
a61996ae5,_static/img/chatbot/attn2.png
a61996ae5,_static/img/chatbot/bot.jpg
a61996ae5,_static/img/chatbot/bot.png
a61996ae5,_static/img/chatbot/diff.png
a61996ae5,_static/img/chatbot/global_attn.png
a61996ae5,_static/img/chatbot/grad_clip.png
a61996ae5,_static/img/chatbot/pytorch_workflow.png
a61996ae5,_static/img/chatbot/scores.png
a61996ae5,_static/img/chatbot/seq2seq_batches.png
a61996ae5,_static/img/chatbot/seq2seq_model.png
a61996ae5,_static/img/chatbot/seq2seq_ts.png
a61996ae5,beginner_source/chatbot_tutorial.py
a61996ae5,beginner_source/deploy_seq2seq_hybrid_frontend_tutorial.py
a61996ae5,beginner_source/hybrid_frontend/introduction_to_hybrid_frontend_tutorial.py
a61996ae5,beginner_source/hybrid_frontend_tutorial.rst
9659fa3ba,nan
e55f38b37,_static/img/chatbot/pytorch_workflow.png
e55f38b37,beginner_source/chatbot_tutorial.py
e55f38b37,beginner_source/deploy_seq2seq_hybrid_frontend_tutorial.py
e55f38b37,beginner_source/hybrid_frontend/introduction_to_hybrid_frontend_tutorial.py
e55f38b37,beginner_source/hybrid_frontend_tutorial.rst
69d978ed4,_static/img/chatbot/RNN-bidirectional.png
69d978ed4,_static/img/chatbot/attn1.png
69d978ed4,_static/img/chatbot/attn2.png
69d978ed4,_static/img/chatbot/bot.jpg
69d978ed4,_static/img/chatbot/bot.png
69d978ed4,_static/img/chatbot/diff.png
69d978ed4,_static/img/chatbot/global_attn.png
69d978ed4,_static/img/chatbot/grad_clip.png
69d978ed4,_static/img/chatbot/pytorch_workflow.png
69d978ed4,_static/img/chatbot/scores.png
69d978ed4,_static/img/chatbot/seq2seq_batches.png
69d978ed4,_static/img/chatbot/seq2seq_model.png
69d978ed4,_static/img/chatbot/seq2seq_ts.png
69d978ed4,beginner_source/chatbot_tutorial.py
82ea5499f,conf.py
82ea5499f,requirements.txt
02f74723b,advanced_source/cpp_export.rst
6e579ee54,conf.py
6e579ee54,requirements.txt
3e73b5bf3,index.rst
69ed22299,beginner_source/audio_classifier_tutorial.py
32b6b2b83,advanced_source/cpp_export.rst
32b6b2b83,index.rst
70a871d43,Makefile
a5ba09f27,beginner_source/chatbot_tutorial.py
7a52a18fe,_static/img/ONNXLive.png
7a52a18fe,advanced_source/ONNXLive.rst
7a52a18fe,advanced_source/README.txt
7a52a18fe,advanced_source/numpy_extensions_tutorial.py
7a52a18fe,advanced_source/super_resolution_with_caffe2.py
7a52a18fe,beginner_source/README.txt
7a52a18fe,beginner_source/blitz/README.txt
7a52a18fe,beginner_source/blitz/autograd_tutorial.py
7a52a18fe,beginner_source/blitz/cifar10_tutorial.py
7a52a18fe,beginner_source/blitz/tensor_tutorial.py
7a52a18fe,beginner_source/examples_autograd/two_layer_net_custom_function.py
7a52a18fe,beginner_source/former_torchies/parallelism_tutorial.py
7a52a18fe,beginner_source/former_torchies_tutorial.rst
7a52a18fe,beginner_source/ptcheat.rst
7a52a18fe,beginner_source/transfer_learning_tutorial.py
7a52a18fe,index.rst
7a52a18fe,intermediate_source/README.txt
7a52a18fe,intermediate_source/reinforcement_q_learning.py
7f48ac827,beginner_source/blitz/autograd_tutorial.py
5855daa6f,index.rst
2983eba6a,.gitignore
2983eba6a,_static/img/chat.png
2983eba6a,_static/img/panda.png
2983eba6a,_static/img/rnnclass.png
2983eba6a,_static/img/scipynumpy.png
2983eba6a,_static/img/thumbnails/220px-KnnClassification.png
2983eba6a,_static/img/thumbnails/eye.png
2983eba6a,_static/img/thumbnails/floppy.png
2983eba6a,_static/img/thumbnails/landmarked_face2.png
2983eba6a,_static/img/thumbnails/sphx_glr_transfer_learning_tutorial_001.png
2983eba6a,index.rst
d63d3f0ff,README.md
cae5e50c2,intermediate_source/dist_tuto.rst
ca8f0328a,conf.py
3b13373bd,beginner_source/saving_loading_models.py
3b13373bd,hacking_pytorch/cpp_extensions.rst
3b13373bd,index.rst
3b13373bd,installation_guides/aws.rst
3b13373bd,installation_guides/cloud.rst
3b13373bd,installation_guides/gce.rst
3b13373bd,installation_guides/linux.rst
3b13373bd,installation_guides/local.rst
3b13373bd,installation_guides/microsoft_azure.rst
3b13373bd,installation_guides/osx.rst
3b13373bd,installation_guides/windows.rst
3b13373bd,pytorch_applied/audio.rst
3b13373bd,pytorch_applied/language.rst
3b13373bd,pytorch_applied/vision.rst
3b13373bd,pytorch_basics_source/README.txt
3b13373bd,pytorch_in_depth/benchmarking.rst
3b13373bd,pytorch_in_depth/custom_collate_functions.rst
3b13373bd,pytorch_in_depth/custom_data_loading.rst
3b13373bd,pytorch_in_depth/custom_operators.rst
3b13373bd,pytorch_in_depth/distributed.rst
3b13373bd,pytorch_in_depth/graph_mode.rst
3b13373bd,pytorch_in_depth/optimization.rst
3b13373bd,pytorch_in_depth/tensor_comprehensions.rst
6a30b49f9,.jenkins/build.sh
2f5299a54,beginner_source/chatbot_tutorial.py
6636d6f95,.jenkins/build.sh
2b5df19cd,.jenkins/build.sh
a1df3e10c,.jenkins/build.sh
c3567bada,.jenkins/build.sh
b1acfec5d,.jenkins/build.sh
db0012447,beginner_source/chatbot_tutorial.py
51098240d,beginner_source/dcgan_faces_tutorial.py
ad6ef01b4,beginner_source/dcgan_faces_tutorial.py
882a0bd04,beginner_source/PyTorch
882a0bd04,Cheat.md
a8375a2a9,beginner_source/dcgan_faces_tutorial.py
80aa16ae4,beginner_source/dcgan_faces_tutorial.py
396d2fbb3,.jenkins/build.sh
dcea7281e,.jenkins/build.sh
c9ec684a5,beginner_source/fgsm_tutorial.py
3c10495e9,beginner_source/finetuning_torchvision_models_tutorial.py
7c2fc9fe9,beginner_source/audio_classifier_tutorial.py
c9716b90e,beginner_source/audio_classifier_tutorial.py
63eb1f88c,_static/img/chatbot/RNN-bidirectional.png
63eb1f88c,_static/img/chatbot/attn1.png
63eb1f88c,_static/img/chatbot/attn2.png
63eb1f88c,_static/img/chatbot/bot.jpg
63eb1f88c,_static/img/chatbot/global_attn.png
63eb1f88c,_static/img/chatbot/grad_clip.png
63eb1f88c,_static/img/chatbot/scores.png
63eb1f88c,_static/img/chatbot/seq2seq_batches.png
63eb1f88c,_static/img/chatbot/seq2seq_model.png
63eb1f88c,beginner_source/chatbot_tutorial.py
63eb1f88c,index.rst
fd3e2e28d,beginner_source/dcgan_faces_tutorial.py
aa538d4f5,_static/img/fgsm_panda_image.png
aa538d4f5,beginner_source/fgsm_tutorial.py
aa538d4f5,index.rst
fbb8ee273,beginner_source/audio_classifier_tutorial.py
b306ffc6c,.gitignore
b306ffc6c,conf.py
b306ffc6c,index.rst
b306ffc6c,pytorch_basics/123.rst
b306ffc6c,pytorch_basics/abc.rst
b306ffc6c,pytorch_basics_source/README.txt
b306ffc6c,pytorch_basics_source/saving_loading_models.py
8cacb5cbe,advanced_source/neural_style_tutorial.py
3bc0794ac,beginner_source/audio_classifier_tutorial.py
3bc0794ac,index.rst
c9b711142,beginner_source/dcgan_faces_tutorial.py
539fe3193,advanced_source/numpy_extensions_tutorial.py
bbc6235d0,index.rst
bbc6235d0,pytorch_applied/language.rst
e4272055e,beginner_source/saving_loading_models.py
e4272055e,index.rst
46501f98f,_static/img/dcgan_generator.png
46501f98f,beginner_source/dcgan_faces_tutorial.py
46501f98f,index.rst
36135974e,hacking_pytorch/cpp_extensions.rst
36135974e,index.rst
36135974e,installation_guides/aws.rst
36135974e,installation_guides/cloud.rst
36135974e,installation_guides/gce.rst
36135974e,installation_guides/linux.rst
36135974e,installation_guides/local.rst
36135974e,installation_guides/microsoft_azure.rst
36135974e,installation_guides/osx.rst
36135974e,installation_guides/windows.rst
36135974e,pytorch_applied/audio.rst
36135974e,pytorch_applied/language.rst
36135974e,pytorch_applied/vision.rst
36135974e,pytorch_basics/123.rst
36135974e,pytorch_basics/abc.rst
36135974e,pytorch_in_depth/benchmarking.rst
36135974e,pytorch_in_depth/custom_collate_functions.rst
36135974e,pytorch_in_depth/custom_data_loading.rst
36135974e,pytorch_in_depth/custom_operators.rst
36135974e,pytorch_in_depth/distributed.rst
36135974e,pytorch_in_depth/graph_mode.rst
36135974e,pytorch_in_depth/optimization.rst
36135974e,pytorch_in_depth/tensor_comprehensions.rst
2a34561c5,runtime.txt
a41c6bc95,_static/img/neural-style/sphx_glr_neural_style_tutorial_001.png
a41c6bc95,_static/img/neural-style/sphx_glr_neural_style_tutorial_002.png
a41c6bc95,_static/img/neural-style/sphx_glr_neural_style_tutorial_003.png
a41c6bc95,_static/img/neural-style/sphx_glr_neural_style_tutorial_004.png
a41c6bc95,advanced_source/neural_style_tutorial.py
5b4bad2bd,beginner_source/caffe2_onnx_primer_tutorial.py
5890b4600,beginner_source/caffe2_onnx_primer_tutorial.py
5890b4600,index.rst
9cb0fbb03,beginner_source/caffe2_onnx_primer_tutorial.py
3f3638f22,beginner_source/caffe2_onnx_primer_tutorial.py
b0f5d29f2,beginner_source/finetuning_torchvision_models_tutorial.py
b0f5d29f2,index.rst
d5f1c92ef,beginner_source/caffe2_onnx_primer_tutorial.py
d5f1c92ef,index.rst
5e94f5fc9,.gitignore
00e131977,beginner_source/caffe2_onnx_primer_tutorial.py
00e131977,beginner_source/hybrid_frontend/introduction_to_hybrid_frontend_tutorial.py
00e131977,index.rst
7559bdfee,.gitignore
8ef243dac,beginner_source/caffe2_onnx_primer_tutorial.py
8ef243dac,index.rst
e98491eb7,beginner_source/hybrid_frontend/introduction_to_hybrid_frontend_tutorial.py
7a32b021d,beginner_source/hybrid_frontend/learning_hybrid_frontend_through_example_tutorial.py
c02b728c5,.gitignore
c02b728c5,beginner_source/hybrid_frontend/learning_hybrid_frontend_through_example_tutorial.py
057f8f5c7,beginner_source/hybrid_frontend_tutorial.rst
6f7d2451d,_static/img/hybrid_frontend/220px-KnnClassification.png
6f7d2451d,_static/img/hybrid_frontend/iris_pic.jpg
6f7d2451d,_static/img/hybrid_frontend/pytorch_workflow_small.jpg
6f7d2451d,beginner_source/hybrid_frontend/introduction_to_hybrid_frontend_tutorial.py
6f7d2451d,requirements.txt
0ece850ae,beginner_source/caffe2_onnx_primer_tutorial.py
0ece850ae,beginner_source/hybrid_frontend/README.txt
0ece850ae,beginner_source/hybrid_frontend/introduction_to_hybrid_frontend_tutorial.py
0ece850ae,beginner_source/hybrid_frontend/learning_hybrid_frontend_through_example_tutorial.py
0ece850ae,beginner_source/hybrid_frontend_tutorial.rst
0ece850ae,cleanup.sh
0ece850ae,index.rst
6bd895c11,beginner_source/data_loading_tutorial.py
1952e5836,requirements.txt
7b02323b4,advanced_source/cpp_extension.rst
78ba7d871,beginner_source/blitz/autograd_tutorial.py
770ee6fa7,advanced_source/numpy_extensions_tutorial.py
770ee6fa7,beginner_source/examples_nn/dynamic_net.py
770ee6fa7,beginner_source/examples_nn/two_layer_net_module.py
770ee6fa7,beginner_source/examples_nn/two_layer_net_nn.py
770ee6fa7,beginner_source/examples_nn/two_layer_net_optim.py
a1d4e625c,beginner_source/blitz/neural_networks_tutorial.py
edfde13b9,advanced_source/cpp_extension.rst
f15832587,advanced_source/numpy_extensions_tutorial.py
cd4953d50,beginner_source/nlp/pytorch_tutorial.py
5620fdbdf,requirements.txt
695cebcac,requirements.txt
62144ed92,beginner_source/pytorch_with_examples.rst
1627d2053,beginner_source/blitz/autograd_tutorial.py
1627d2053,beginner_source/blitz/tensor_tutorial.py
885c82cef,advanced_source/cpp_extension.rst
3dca1215f,intermediate_source/dist_tuto.rst
6bc51b986,beginner_source/nlp/word_embeddings_tutorial.py
93e6ad273,beginner_source/examples_autograd/two_layer_net_autograd.py
93e6ad273,beginner_source/examples_autograd/two_layer_net_custom_function.py
93e6ad273,beginner_source/examples_tensor/two_layer_net_tensor.py
d1a54607f,beginner_source/examples_nn/two_layer_net_nn.py
2898c5880,beginner_source/blitz/data_parallel_tutorial.py
e83f94b87,advanced_source/neural_style_tutorial.py
2d440315a,beginner_source/former_torchies/autograd_tutorial.py
e665e9bf0,beginner_source/blitz/autograd_tutorial.py
720d96a39,beginner_source/blitz/autograd_tutorial.py
4667958c3,beginner_source/nlp/word_embeddings_tutorial.py
2d092a2f8,beginner_source/blitz/data_parallel_tutorial.py
06dc97785,beginner_source/blitz/neural_networks_tutorial.py
5e5cae8d7,beginner_source/blitz/data_parallel_tutorial.py
e55b6e2f4,_static/img/pytorch-logo-dark.png
e55b6e2f4,_static/img/pytorch-logo-dark.svg
4ce8b871e,intermediate_source/char_rnn_classification_tutorial.py
4ce8b871e,intermediate_source/char_rnn_generation_tutorial.py
cddabb2c3,advanced_source/cpp_extension.rst
68a1f59cb,advanced_source/cpp_extension.rst
47f3385f5,beginner_source/blitz/cifar10_tutorial.py
cfead1413,beginner_source/former_torchies_tutorial.rst
05cf6a195,beginner_source/former_torchies_tutorial.rst
6900cf2e0,_static/img/cpp_logo.png
6900cf2e0,advanced_source/c_extension.rst
6900cf2e0,advanced_source/cpp_extension.rst
6900cf2e0,index.rst
3f1cb23fc,beginner_source/transfer_learning_tutorial.py
2543feecf,advanced_source/neural_style_tutorial.py
0ad33d606,advanced_source/c_extension.rst
0ad33d606,advanced_source/neural_style_tutorial.py
0ad33d606,advanced_source/numpy_extensions_tutorial.py
0ad33d606,advanced_source/super_resolution_with_caffe2.py
0ad33d606,beginner_source/blitz/autograd_tutorial.py
0ad33d606,beginner_source/blitz/cifar10_tutorial.py
0ad33d606,beginner_source/blitz/data_parallel_tutorial.py
0ad33d606,beginner_source/blitz/neural_networks_tutorial.py
0ad33d606,beginner_source/blitz/tensor_tutorial.py
0ad33d606,beginner_source/data_loading_tutorial.py
0ad33d606,beginner_source/deep_learning_60min_blitz.rst
0ad33d606,beginner_source/deep_learning_nlp_tutorial.rst
0ad33d606,beginner_source/examples_autograd/two_layer_net_autograd.py
0ad33d606,beginner_source/examples_autograd/two_layer_net_custom_function.py
0ad33d606,beginner_source/examples_nn/dynamic_net.py
0ad33d606,beginner_source/examples_nn/two_layer_net_module.py
0ad33d606,beginner_source/examples_nn/two_layer_net_nn.py
0ad33d606,beginner_source/examples_nn/two_layer_net_optim.py
0ad33d606,beginner_source/examples_tensor/two_layer_net_tensor.py
0ad33d606,beginner_source/former_torchies/autograd_tutorial.py
0ad33d606,beginner_source/former_torchies/nn_tutorial.py
0ad33d606,beginner_source/former_torchies/parallelism_tutorial.py
0ad33d606,beginner_source/former_torchies/tensor_tutorial.py
0ad33d606,beginner_source/former_torchies_tutorial.rst
0ad33d606,beginner_source/nlp/advanced_tutorial.py
0ad33d606,beginner_source/nlp/deep_learning_tutorial.py
0ad33d606,beginner_source/nlp/pytorch_tutorial.py
0ad33d606,beginner_source/nlp/sequence_models_tutorial.py
0ad33d606,beginner_source/nlp/word_embeddings_tutorial.py
0ad33d606,beginner_source/pytorch_with_examples.rst
0ad33d606,beginner_source/transfer_learning_tutorial.py
0ad33d606,intermediate_source/char_rnn_classification_tutorial.py
0ad33d606,intermediate_source/char_rnn_generation_tutorial.py
0ad33d606,intermediate_source/dist_tuto.rst
0ad33d606,intermediate_source/reinforcement_q_learning.py
0ad33d606,intermediate_source/seq2seq_translation_tutorial.py
0ad33d606,intermediate_source/spatial_transformer_tutorial.py
24b762320,beginner_source/nlp/deep_learning_tutorial.py
7ef2a5abf,intermediate_source/reinforcement_q_learning.py
ab62128f4,advanced_source/numpy_extensions_tutorial.py
9c1bc693e,intermediate_source/seq2seq_translation_tutorial.py
46e34939a,beginner_source/deep_learning_nlp_tutorial.rst
8250b2fd4,beginner_source/blitz/neural_networks_tutorial.py
f8c423f14,_static/img/Variable.png
acbdba452,beginner_source/blitz/cifar10_tutorial.py
acbdba452,beginner_source/blitz/neural_networks_tutorial.py
56d1da96e,beginner_source/blitz/autograd_tutorial.py
e39d66eb5,beginner_source/transfer_learning_tutorial.py
c60193502,beginner_source/transfer_learning_tutorial.py
707c244c3,beginner_source/former_torchies/parallelism_tutorial.py
385332e3f,beginner_source/blitz/tensor_tutorial.py
383e429bd,intermediate_source/seq2seq_translation_tutorial.py
90c7ea993,nan
8e534fcbd,advanced_source/numpy_extensions_tutorial.py
8e534fcbd,beginner_source/examples_autograd/two_layer_net_custom_function.py
00e005858,beginner_source/nlp/pytorch_tutorial.py
c2c580612,intermediate_source/char_rnn_classification_tutorial.py
705a88373,intermediate_source/seq2seq_translation_tutorial.py
a82d39e74,beginner_source/data_loading_tutorial.py
40d27fa71,beginner_source/blitz/neural_networks_tutorial.py
40d27fa71,beginner_source/examples_nn/two_layer_net_optim.py
628c65150,beginner_source/blitz/tensor_tutorial.py
7b35173c3,beginner_source/transfer_learning_tutorial.py
b758e3c3e,beginner_source/transfer_learning_tutorial.py
016d0cc07,beginner_source/nlp/deep_learning_tutorial.py
016d0cc07,beginner_source/nlp/sequence_models_tutorial.py
016d0cc07,beginner_source/nlp/word_embeddings_tutorial.py
016d0cc07,intermediate_source/char_rnn_classification_tutorial.py
016d0cc07,intermediate_source/char_rnn_generation_tutorial.py
016d0cc07,intermediate_source/seq2seq_translation_tutorial.py
016d0cc07,intermediate_source/spatial_transformer_tutorial.py
4330f79f8,beginner_source/data_loading_tutorial.py
f265eb94b,beginner_source/blitz/cifar10_tutorial.py
171ebbe2b,advanced_source/neural_style_tutorial.py
34c8a9d83,intermediate_source/spatial_transformer_tutorial.py
77fd1f559,nan
2294ad7d6,_static/img/data_parallel.png
2294ad7d6,beginner_source/blitz/cifar10_tutorial.py
2294ad7d6,beginner_source/blitz/data_parallel_tutorial.py
2294ad7d6,beginner_source/deep_learning_60min_blitz.rst
2294ad7d6,intermediate_source/dist_tuto.rst
761e36994,nan
38b654465,beginner_source/transfer_learning_tutorial.py
140eb2abf,nan
07918d240,intermediate_source/README.txt
ad05d56bf,index.rst
8791ae19f,_static/img/stn/FSeq.png
8791ae19f,_static/img/stn/Five.gif
8791ae19f,_static/img/stn/stn-arch.png
8791ae19f,_static/img/stn/tr.png
8791ae19f,index.rst
8791ae19f,intermediate_source/spatial_transformer_tutorial.py
d9a63f1c7,beginner_source/nlp/deep_learning_tutorial.py
8f5c1e347,LICENSE
345354a50,requirements.txt
8df712e9b,beginner_source/transfer_learning_tutorial.py
409837250,advanced_source/neural_style_tutorial.py
f072830da,nan
0d1e0f757,nan
97bfe6c29,nan
41b1e0639,beginner_source/blitz/neural_networks_tutorial.py
2195e8052,beginner_source/nlp/sequence_models_tutorial.py
aea322977,beginner_source/nlp/pytorch_tutorial.py
d235bc296,custom_directives.py
055a90eff,advanced_source/super_resolution_with_caffe2.py
62795e515,intermediate_source/dist_tuto.rst
8ce810776,beginner_source/blitz/neural_networks_tutorial.py
2c805a88d,_static/img/distributed/DistPyTorch.jpg
2c805a88d,_static/img/distributed/all_gather.pdf
2c805a88d,_static/img/distributed/all_gather.png
2c805a88d,_static/img/distributed/all_reduce.pdf
2c805a88d,_static/img/distributed/all_reduce.png
2c805a88d,_static/img/distributed/broadcast.png
2c805a88d,_static/img/distributed/gather.png
2c805a88d,_static/img/distributed/reduce.png
2c805a88d,_static/img/distributed/scatter.png
2c805a88d,_static/img/distributed/send_recv.png
2c805a88d,_static/img/distributed/send_recv_big.png
2c805a88d,index.rst
2c805a88d,intermediate_source/dist_tuto.rst
64ed72b37,nan
6f1a4558f,beginner_source/nlp/deep_learning_tutorial.py
137f35a45,beginner_source/pytorch_with_examples.rst
9381919f2,beginner_source/blitz/neural_networks_tutorial.py
29bbe0974,advanced_source/c_extension.rst
456e26059,advanced_source/c_extension.rst
a0955ef19,beginner_source/transfer_learning_tutorial.py
dda0b2f01,advanced_source/super_resolution_with_caffe2.py
008568208,advanced_source/super_resolution_with_caffe2.py
3c62a58ed,advanced_source/super_resolution_with_caffe2.py
2880f24e7,beginner_source/pytorch_with_examples.rst
2880f24e7,index.rst
b203e4ebd,advanced_source/super_resolution_with_caffe2.py
0a0621c2c,advanced_source/super_resolution_with_caffe2.py
dff76ac2f,advanced_source/super_resolution_with_caffe2.py
414a9dfd0,advanced_source/super_resolution_with_caffe2.py
27daa283e,_static/img/SRResNet.png
27daa283e,_static/img/cat.jpg
27daa283e,_static/img/cat_224x224.jpg
27daa283e,_static/img/cat_output1.png
27daa283e,advanced_source/README.txt
27daa283e,advanced_source/super_resolution_with_caffe2.py
27daa283e,index.rst
0a86b8a41,intermediate_source/seq2seq_translation_tutorial.py
280662e14,advanced_source/neural_style_tutorial.py
adcb718ec,.gitignore
adcb718ec,beginner_source/blitz/cifar10_tutorial.py
adcb718ec,beginner_source/transfer_learning_tutorial.py
adcb718ec,conf.py
adcb718ec,index.rst
adcb718ec,intermediate_source/seq2seq_translation_tutorial.py
adcb718ec,requirements.txt
2b15cbb92,beginner_source/nlp/advanced_tutorial.py
b0cb64a58,advanced_source/neural_style_tutorial.py
b0cb64a58,beginner_source/transfer_learning_tutorial.py
0bb55c5b5,nan
6bd649f57,advanced_source/neural_style_tutorial.py
35767015a,nan
38a4068e2,advanced_source/neural_style_tutorial.py
b703484ae,_templates/layout.html
b5b7fff6c,intermediate_source/reinforcement_q_learning.py
8589c2491,_static/css/pytorch_theme.css
8589c2491,conf.py
8dc5f6bfb,advanced_source/neural_style_tutorial.py
94e3fb372,intermediate_source/seq2seq_translation_tutorial.py
9bd9cd41b,intermediate_source/seq2seq_translation_tutorial.py
948a3b384,beginner_source/data_loading_tutorial.py
1b920116f,beginner_source/nlp/sequence_models_tutorial.py
5cf1edff4,beginner_source/blitz/autograd_tutorial.py
8170d302c,beginner_source/data_loading_tutorial.py
baaebe2bb,beginner_source/blitz/cifar10_tutorial.py
baaebe2bb,beginner_source/former_torchies/parallelism_tutorial.py
9530c0772,beginner_source/former_torchies/parallelism_tutorial.py
01b89c938,beginner_source/blitz/neural_networks_tutorial.py
6a9b63b02,beginner_source/data_loading_tutorial.py
bc247c9f5,Makefile
bc247c9f5,_static/img/landmarked_face2.png
bc247c9f5,beginner_source/data_loading_tutorial.py
bc247c9f5,index.rst
13936ab2a,nan
5fd550925,beginner_source/nlp/advanced_tutorial.py
17b14ca8f,beginner_source/nlp/advanced_tutorial.py
0c284e92b,index.rst
05ffab1d5,nan
78ff24748,beginner_source/blitz/autograd_tutorial.py
7ae5a2cb5,intermediate_source/reinforcement_q_learning.py
e679f9f2e,nan
898dd683d,beginner_source/former_torchies/autograd_tutorial.py
898dd683d,beginner_source/nlp/pytorch_tutorial.py
0f52422a3,nan
fe09e37ca,nan
6c1215262,nan
e15580c6a,beginner_source/nlp/advanced_tutorial.py
b01cae720,intermediate_source/char_rnn_classification_tutorial.py
6aa8b5eab,nan
977057735,intermediate_source/reinforcement_q_learning.py
17b8b4dba,beginner_source/nlp/word_embeddings_tutorial.py
73466e003,nan
05d490537,beginner_source/nlp/advanced_tutorial.py
c3ea8f382,intermediate_source/char_rnn_classification_tutorial.py
c3ea8f382,intermediate_source/char_rnn_generation_tutorial.py
c3ea8f382,intermediate_source/seq2seq_translation_tutorial.py
42cc20d00,nan
cdab6112b,beginner_source/nlp/word_embeddings_tutorial.py
333cab984,beginner_source/blitz/autograd_tutorial.py
333cab984,beginner_source/blitz/neural_networks_tutorial.py
15882369b,beginner_source/blitz/neural_networks_tutorial.py
7b148a672,beginner_source/former_torchies/README.txt
e29a3eca5,nan
9790b8f2d,intermediate_source/char_rnn_classification_tutorial.py
9790b8f2d,intermediate_source/char_rnn_generation_tutorial.py
9790b8f2d,intermediate_source/seq2seq_translation_tutorial.py
deaae21eb,nan
ed2188eb4,beginner_source/README.txt
ed2188eb4,beginner_source/blitz/README.txt
ed2188eb4,beginner_source/nlp/README.txt
e86fdfa3d,advanced_source/README.txt
e86fdfa3d,intermediate_source/README.txt
45393e57f,beginner_source/blitz/autograd_tutorial.py
45393e57f,beginner_source/blitz/tensor_tutorial.py
45393e57f,beginner_source/former_torchies_tutorial.rst
45393e57f,beginner_source/nlp/advanced_tutorial.py
45393e57f,intermediate_source/reinforcement_q_learning.py
dee55035e,beginner_source/pytorch_with_examples.rst
1ca4001f2,README.md
1ca4001f2,beginner_source/deep_learning_60min_blitz.rst
1ca4001f2,beginner_source/deep_learning_nlp_tutorial.rst
1ca4001f2,beginner_source/former_torchies_tutorial.rst
1ca4001f2,beginner_source/pytorch_with_examples.rst
e925369cc,conf.py
e925369cc,custom_directives.py
e925369cc,requirements.txt
6756514f0,nan
76d212e47,beginner_source/former_torchies/tensor_tutorial.py
9584ab93f,nan
5b9723455,requirements.txt
92a4e7b49,requirements.txt
e13beed18,nan
c791a48be,beginner_source/nlp/sequence_models_tutorial.py
3365f0c2b,custom_directives.py
c91466088,custom_directives.py
b8488d994,beginner_source/blitz/autograd_tutorial.py
b8488d994,beginner_source/blitz/cifar10_tutorial.py
b8488d994,beginner_source/blitz/neural_networks_tutorial.py
b8488d994,beginner_source/examples_autograd/tf_two_layer_net.py
b8488d994,beginner_source/examples_autograd/two_layer_net_autograd.py
b8488d994,beginner_source/examples_autograd/two_layer_net_custom_function.py
b8488d994,beginner_source/examples_nn/dynamic_net.py
b8488d994,beginner_source/examples_nn/two_layer_net_module.py
b8488d994,beginner_source/examples_nn/two_layer_net_nn.py
b8488d994,beginner_source/examples_nn/two_layer_net_optim.py
b8488d994,beginner_source/examples_tensor/two_layer_net_numpy.py
b8488d994,beginner_source/examples_tensor/two_layer_net_tensor.py
b8488d994,beginner_source/former_torchies/nn_tutorial.py
b8488d994,beginner_source/former_torchies/parallelism_tutorial.py
b8488d994,beginner_source/nlp/advanced_tutorial.py
b8488d994,beginner_source/nlp/deep_learning_tutorial.py
b8488d994,beginner_source/nlp/pytorch_tutorial.py
b8488d994,beginner_source/nlp/sequence_models_tutorial.py
b8488d994,beginner_source/nlp/word_embeddings_tutorial.py
f71137c28,nan
cefcbbb63,intermediate_source/reinforcement_q_learning.py
81046f4ca,intermediate_source/reinforcement_q_learning.py
e5d1b46ae,nan
d5987795b,beginner_source/nlp/sequence_models_tutorial.py
e28cf87d3,beginner_source/nlp/advanced_tutorial.py
97da3c331,beginner_source/nlp/advanced_tutorial.py
cffd3799d,nan
6e8d0f7ec,nan
238dcd484,beginner_source/transfer_learning_tutorial.py
243ddd030,beginner_source/transfer_learning_tutorial.py
9719a2214,beginner_source/nlp/sequence_models_tutorial.py
db490c02f,beginner_source/deep_learning_nlp_tutorial.rst
db490c02f,index.rst
8f60a6e1f,nan
ee282ded2,beginner_source/transfer_learning_tutorial.py
11259a865,beginner_source/transfer_learning_tutorial.py
250c671bf,nan
7d624d208,advanced_source/neural_style_tutorial.py
1c780e851,nan
185bef017,beginner_source/transfer_learning_tutorial.py
616b0f903,beginner_source/transfer_learning_tutorial.py
4adb740e1,.gitignore
4adb740e1,beginner_source/deep_learning_nlp_tutorial.py
4adb740e1,beginner_source/deep_learning_nlp_tutorial.rst
4adb740e1,beginner_source/nlp/README.txt
4adb740e1,beginner_source/nlp/advanced_tutorial.py
4adb740e1,beginner_source/nlp/deep_learning_tutorial.py
4adb740e1,beginner_source/nlp/pytorch_tutorial.py
4adb740e1,beginner_source/nlp/sequence_models_tutorial.py
4adb740e1,beginner_source/nlp/word_embeddings_tutorial.py
905eaf0ee,nan
bb2b4eacb,advanced_source/neural_style_tutorial.py
8d71242aa,nan
63d96062d,advanced_source/neural_style_tutorial.py
63d96062d,index.rst
9c4b2c12e,advanced_source/neural_style_tutorial.py
653f90201,advanced_source/neural_style_tutorial.py
7400a3bc4,Makefile
7400a3bc4,_static/img/neural-style/dancing.jpg
7400a3bc4,_static/img/neural-style/neuralstyle.png
7400a3bc4,_static/img/neural-style/picasso.jpg
7400a3bc4,advanced_source/neural_style_tutorial.py
7400a3bc4,index.rst
5ace3a1b1,advanced_source/numpy_extensions_tutorial.py
5ace3a1b1,beginner_source/blitz/autograd_tutorial.py
5ace3a1b1,beginner_source/blitz/cifar10_tutorial.py
5ace3a1b1,beginner_source/blitz/neural_networks_tutorial.py
5ace3a1b1,beginner_source/blitz/tensor_tutorial.py
5ace3a1b1,beginner_source/deep_learning_nlp_tutorial.py
5ace3a1b1,beginner_source/examples_autograd/tf_two_layer_net.py
5ace3a1b1,beginner_source/examples_autograd/two_layer_net_autograd.py
5ace3a1b1,beginner_source/examples_autograd/two_layer_net_custom_function.py
5ace3a1b1,beginner_source/examples_nn/dynamic_net.py
5ace3a1b1,beginner_source/examples_nn/two_layer_net_module.py
5ace3a1b1,beginner_source/examples_nn/two_layer_net_nn.py
5ace3a1b1,beginner_source/examples_nn/two_layer_net_optim.py
5ace3a1b1,beginner_source/examples_tensor/two_layer_net_numpy.py
5ace3a1b1,beginner_source/examples_tensor/two_layer_net_tensor.py
5ace3a1b1,beginner_source/former_torchies/autograd_tutorial.py
5ace3a1b1,beginner_source/former_torchies/nn_tutorial.py
5ace3a1b1,beginner_source/former_torchies/parallelism_tutorial.py
5ace3a1b1,beginner_source/transfer_learning_tutorial.py
5ace3a1b1,intermediate_source/char_rnn_classification_tutorial.py
5ace3a1b1,intermediate_source/char_rnn_generation_tutorial.py
5ace3a1b1,intermediate_source/reinforcement_q_learning.py
5ace3a1b1,intermediate_source/seq2seq_translation_tutorial.py
8a33c55c7,nan
82bcfb23f,beginner_source/examples_autograd/two_layer_net_autograd.py
82bcfb23f,beginner_source/examples_autograd/two_layer_net_custom_function.py
1e82b12f9,_static/css/pytorch_theme.css
1e82b12f9,_static/img/thumbnails/babel.jpg
9ce84cdc1,README.md
08db4b4d6,README.md
0cd7e78bb,README.md
e1cad0fc5,index.rst
2092ec2cd,beginner_source/deep_learning_nlp_tutorial.py
adc60c46e,_static/css/pytorch_theme.css
870254c79,_static/css/pytorch_theme.css
870254c79,conf.py
5ed3f82ea,build.sh
5a265fc16,README.md
89c7d0c4a,nan
ddef941d2,.gitignore
ddef941d2,Creating
ddef941d2,Extensions
ddef941d2,using
ddef941d2,FFI.md
ddef941d2,Creating
ddef941d2,extensions
ddef941d2,using
ddef941d2,numpy
ddef941d2,and
ddef941d2,scipy.ipynb
ddef941d2,Deep
ddef941d2,Learning
ddef941d2,with
ddef941d2,PyTorch.ipynb
ddef941d2,Introduction
ddef941d2,to
ddef941d2,PyTorch
ddef941d2,for
ddef941d2,former
ddef941d2,Torchies.ipynb
ddef941d2,Makefile
ddef941d2,README.md
ddef941d2,Reinforcement
ddef941d2,(Q-)Learning
ddef941d2,with
ddef941d2,PyTorch.ipynb
ddef941d2,_static/img/Variable.png
ddef941d2,_static/img/cartpole.gif
ddef941d2,_static/img/char_rnn_generation.png
ddef941d2,_static/img/cifar10.png
ddef941d2,_static/img/dynamic_graph.gif
ddef941d2,_static/img/mnist.png
ddef941d2,_static/img/pytorch-logo-dark.png
ddef941d2,_static/img/pytorch-logo-dark.svg
ddef941d2,_static/img/seq-seq-images/attention-decoder-network.dot
ddef941d2,_static/img/seq-seq-images/attention-decoder-network.png
ddef941d2,_static/img/seq-seq-images/decoder-network.dot
ddef941d2,_static/img/seq-seq-images/decoder-network.png
ddef941d2,_static/img/seq-seq-images/decoder.png
ddef941d2,_static/img/seq-seq-images/decoder
2x.png _static/img/seq-seq-images/encoder-network.dot _static/img/seq-seq-images/encoder-network.png _static/img/seq-seq-images/seq2seq.png _static/img/seq-seq-images/seq2seq,nan
2x.png _static/img/seq-seq-images/word-encoding.png _static/img/seq-seq-images/word-encoding,nan
2x.png _static/img/seq2seq_flat.png _static/img/tensor_illustration.png _static/img/tensor_illustration_flat.png _static/img/thumbnails/default.png _static/img/thumbnails/examples.png _static/img/thumbnails/pytorch-logo-flat.png _static/img/thumbnails/torch-logo.png _static/img/torch-nn-vs-pytorch-nn.png advanced_source/README.txt advanced_source/c_extension.rst advanced_source/numpy_extensions_tutorial.py beginner_source/README.txt beginner_source/blitz/README.txt beginner_source/blitz/autograd_tutorial.py beginner_source/blitz/cifar10_tutorial.py beginner_source/blitz/neural_networks_tutorial.py beginner_source/blitz/tensor_tutorial.py beginner_source/deep_learning_60min_blitz.rst beginner_source/deep_learning_nlp.py beginner_source/examples_autograd/README.txt beginner_source/examples_autograd/tf_two_layer_net.py beginner_source/examples_autograd/two_layer_net_autograd.py beginner_source/examples_autograd/two_layer_net_custom_function.py beginner_source/examples_nn/README.txt beginner_source/examples_nn/dynamic_net.py beginner_source/examples_nn/two_layer_net_module.py beginner_source/examples_nn/two_layer_net_nn.py beginner_source/examples_nn/two_layer_net_optim.py beginner_source/examples_tensor/README.txt beginner_source/examples_tensor/two_layer_net_numpy.py beginner_source/examples_tensor/two_layer_net_tensor.py beginner_source/former_torchies/README.txt beginner_source/former_torchies/autograd_tutorial.py beginner_source/former_torchies/nn_tutorial.py beginner_source/former_torchies/parallelism_tutorial.py beginner_source/former_torchies/tensor_tutorial.py beginner_source/former_torchies_tutorial.rst beginner_source/pytorch_with_examples.rst beginner_source/transfer_learning_tutorial.py conf.py custom_directives.py index.rst intermediate_source/README.txt intermediate_source/char_rnn_classification_tutorial.py intermediate_source/char_rnn_generation_tutorial.py intermediate_source/reinforcement_q_learning.py intermediate_source/seq2seq_translation_tutorial.py requirements.txt,nan
2194ccf7a,README.md
48b9fd66a,Creating
48b9fd66a,Extensions
48b9fd66a,using
48b9fd66a,FFI.md
47b259b5b,Reinforcement
47b259b5b,(Q-)Learning
47b259b5b,with
47b259b5b,PyTorch.ipynb
8938260aa,Reinforcement
8938260aa,(Q-)Learning
8938260aa,with
8938260aa,PyTorch.ipynb
2de3add47,Deep
2de3add47,Learning
2de3add47,with
2de3add47,PyTorch.ipynb
18fb7b8bb,Introduction
18fb7b8bb,to
18fb7b8bb,PyTorch
18fb7b8bb,for
18fb7b8bb,former
18fb7b8bb,Torchies.ipynb
408c92734,Reinforcement
408c92734,(Q-)Learning
408c92734,with
408c92734,PyTorch.ipynb
219603dfa,Reinforcement
219603dfa,(Q-)Learning
219603dfa,with
219603dfa,PyTorch.ipynb
a2fbac794,Deep
a2fbac794,Learning
a2fbac794,with
a2fbac794,PyTorch.ipynb
0e67f0431,Introduction
0e67f0431,to
0e67f0431,PyTorch
0e67f0431,for
0e67f0431,former
0e67f0431,Torchies.ipynb
02dda923e,Reinforcement
02dda923e,(Q-)Learning
02dda923e,with
02dda923e,PyTorch.ipynb
c44bb884e,Deep
c44bb884e,Learning
c44bb884e,with
c44bb884e,PyTorch.ipynb
ec12782a8,Reinforcement
ec12782a8,(Q-)Learning
ec12782a8,with
ec12782a8,PyTorch.ipynb
37f8e4ce4,Deep
37f8e4ce4,Learning
37f8e4ce4,with
37f8e4ce4,PyTorch.ipynb
b99189128,nan
9be388b36,Deep
9be388b36,Learning
9be388b36,with
9be388b36,PyTorch.ipynb
726952661,Introduction
726952661,to
726952661,PyTorch
726952661,for
726952661,former
726952661,Torchies.ipynb
70d2f23fa,Deep
70d2f23fa,Learning
70d2f23fa,with
70d2f23fa,PyTorch.ipynb
6a6e0a324,nan
b09609c84,Reinforcement
b09609c84,(Q-)Learning
b09609c84,with
b09609c84,PyTorch.ipynb
2378576f5,nan
012c021cf,Deep
012c021cf,Learning
012c021cf,with
012c021cf,PyTorch.ipynb
505cdafdb,nan
64e26b1b8,Reinforcement
64e26b1b8,(Q-)Learning
64e26b1b8,with
64e26b1b8,PyTorch.ipynb
08a2f8844,nan
c1218a3d1,Creating
c1218a3d1,Extensions
c1218a3d1,using
c1218a3d1,FFI.md
e3d7529ad,nan
4cdaab5cf,Creating
4cdaab5cf,Extensions
4cdaab5cf,using
4cdaab5cf,FFI.md
9685a51c3,Deep
9685a51c3,Learning
9685a51c3,with
9685a51c3,PyTorch.ipynb
ceef522a5,Reinforcement
ceef522a5,(Q-)Learning
ceef522a5,with
ceef522a5,PyTorch.ipynb
a2071de35,Creating
a2071de35,Extensions
a2071de35,using
a2071de35,FFI.md
a2071de35,Deep
a2071de35,Learning
a2071de35,with
a2071de35,PyTorch.ipynb
a2071de35,Introduction
a2071de35,to
a2071de35,PyTorch
a2071de35,for
a2071de35,former
a2071de35,Torchies.ipynb
a2071de35,Reinforcement
a2071de35,(Q-)Learning
a2071de35,with
a2071de35,PyTorch.ipynb
b4592e9f2,nan
0b8c6bae9,.gitignore
0b8c6bae9,Creating
0b8c6bae9,extensions
0b8c6bae9,using
0b8c6bae9,numpy
0b8c6bae9,and
0b8c6bae9,scipy.ipynb
0b8c6bae9,Deep
0b8c6bae9,Learning
0b8c6bae9,with
0b8c6bae9,PyTorch.ipynb
0b8c6bae9,Introduction
0b8c6bae9,to
0b8c6bae9,PyTorch
0b8c6bae9,for
0b8c6bae9,former
0b8c6bae9,Torchies.ipynb
0b8c6bae9,Reinforcement
0b8c6bae9,(Q-)Learning
0b8c6bae9,with
0b8c6bae9,PyTorch.ipynb
7bfe48e13,Reinforcement
7bfe48e13,(Q-)Learning
7bfe48e13,with
7bfe48e13,PyTorch.ipynb
4a6d51f9c,Introduction
4a6d51f9c,to
4a6d51f9c,PyTorch
4a6d51f9c,for
4a6d51f9c,former
4a6d51f9c,Torchies.ipynb
72bf65496,nan
ada521c25,Deep
ada521c25,Learning
ada521c25,with
ada521c25,PyTorch.ipynb
4ccc9089b,README.md
8eafef3ff,Introduction
8eafef3ff,to
8eafef3ff,PyTorch
8eafef3ff,for
8eafef3ff,former
8eafef3ff,Torchies.ipynb
64a2ee7ea,Deep
64a2ee7ea,Learning
64a2ee7ea,with
64a2ee7ea,PyTorch.ipynb
64a2ee7ea,images/Variable.png
64a2ee7ea,images/cifar10.png
64a2ee7ea,images/mnist.png
d46e1f1d6,README.md
d46e1f1d6,Reinforcement
d46e1f1d6,(Q-)Learning
d46e1f1d6,with
d46e1f1d6,PyTorch.ipynb
d46e1f1d6,images/cartpole.gif
b8af9b122,Creating
b8af9b122,extensions
b8af9b122,using
b8af9b122,numpy
b8af9b122,and
b8af9b122,scipy.ipynb
b8af9b122,Introduction
b8af9b122,to
b8af9b122,PyTorch
b8af9b122,for
b8af9b122,former
b8af9b122,Torchies.ipynb
481a91dba,Introduction
481a91dba,to
481a91dba,PyTorch
481a91dba,for
481a91dba,former
481a91dba,Torchies.ipynb
ba60845d8,Creating
ba60845d8,extensions
ba60845d8,using
ba60845d8,numpy
ba60845d8,and
ba60845d8,scipy.ipynb
ba60845d8,README.md
ac2bd4bb6,Creating
ac2bd4bb6,extensions
ac2bd4bb6,using
ac2bd4bb6,numpy
ac2bd4bb6,and
ac2bd4bb6,scipy.ipynb
12d5986f5,nan
c6c0e8dc6,Creating
c6c0e8dc6,Extensions
c6c0e8dc6,using
c6c0e8dc6,FFI.md
9de157579,.gitignore
9de157579,README.md
92016cdde,Creating
92016cdde,Extensions
92016cdde,using
92016cdde,FFI.md
0cd9f0b2f,Introduction
0cd9f0b2f,to
0cd9f0b2f,PyTorch
0cd9f0b2f,for
0cd9f0b2f,former
0cd9f0b2f,Torchies.ipynb
0cd9f0b2f,images/torch-nn-vs-pytorch-nn.png
a3a2c6a84,Introduction
a3a2c6a84,to
a3a2c6a84,PyTorch
a3a2c6a84,for
a3a2c6a84,former
a3a2c6a84,Torchies.ipynb
a3a2c6a84,README.md
a3a2c6a84,images/Variable.png
c0ee6a593,Introduction
c0ee6a593,to
c0ee6a593,PyTorch
c0ee6a593,for
c0ee6a593,former
c0ee6a593,Torchies.ipynb
